case:concept:name,concept:name,time:timestamp
1,openFile_Excel_Sheet1_data_xls,2024-06-08 08:34:25.493914+11:00
1,goToUrl_www_webpage_com_Web,2024-06-08 08:34:25.494914+11:00
1,insertValue_name_Web,2024-06-08 08:34:26.493914+11:00
1,insertValue_surname_Web,2024-06-08 08:34:34.987914+11:00
1,insertValue_age_Web,2024-06-08 08:34:41.472914+11:00
1,insertValue_type_Web,2024-06-08 08:34:45.346914+11:00
1,clickButton_confirm_Web,2024-06-08 08:34:45.347914+11:00
1,clickButton_B5_Web,2024-06-08 08:34:47.574914+11:00
1,insertBoolValue_Australian_Web,2024-06-08 08:34:50.043914+11:00
1,clickButton_Button6_Web,2024-06-08 08:34:59.848914+11:00
1,openFile_Excel_Sheet1_data_xls,2024-06-08 08:35:04.759914+11:00
1,copy_B_Excel_Special_code,2024-06-08 08:35:12.273914+11:00
1,paste_Special_code_Web,2024-06-08 08:35:14.123914+11:00
1,paste_Country_Web,2024-06-08 08:35:17.814914+11:00
1,goToUrl_www_webpage_com_Web,2024-06-08 08:35:19.807914+11:00
1,clickButton_Button9_Web,2024-06-08 08:35:29.250914+11:00
1,clickButton_OK_Web,2024-06-08 08:35:32.014914+11:00
1,insertValue_username_Web,2024-06-08 08:35:33.014914+11:00
1,insertValue_password_Web,2024-06-08 08:35:45.365914+11:00
1,clickButton_confirm_Web,2024-06-08 08:35:57.230914+11:00
1,waitResponse_www_webpage_com_ok_Web,2024-06-08 08:36:00.809914+11:00
1,clickButton_Button1_Web,2024-06-08 08:36:05.989914+11:00
1,clickButton_B2_Web,2024-06-08 08:36:08.897914+11:00
1,insertValue_ID_Web,2024-06-08 08:36:12.655914+11:00
1,copy_B_Excel_Special_code,2024-06-08 08:36:14.236914+11:00
1,paste_Special_code_Web,2024-06-08 08:36:15.176914+11:00
1,copy_B_Excel_Area,2024-06-08 08:36:18.028914+11:00
1,paste_Area_Web,2024-06-08 08:36:20.856914+11:00
1,clickButton_OK_Web,2024-06-08 08:36:23.412914+11:00
1,insertValue_name_Web,2024-06-08 08:36:24.412914+11:00
1,insertValue_surname_Web,2024-06-08 08:36:24.413914+11:00
1,insertValue_age_Web,2024-06-08 08:36:35.257914+11:00
1,insertValue_type_Web,2024-06-08 08:36:46.057914+11:00
1,openFile_Excel_Sheet1_data_xls,2024-06-08 08:36:47.057914+11:00
1,goToUrl_www_webpage_com_Web,2024-06-08 08:36:52.534914+11:00
1,insertValue_username_Web,2024-06-08 08:36:54.672914+11:00
1,insertValue_password_Web,2024-06-08 08:37:05.914914+11:00
1,clickButton_confirm_Web,2024-06-08 08:37:06.600914+11:00
1,waitResponse_www_webpage_com_ok_Web,2024-06-08 08:37:09.130914+11:00
1,clickButton_Button1_Web,2024-06-08 08:37:16.939914+11:00
1,clickButton_B2_Web,2024-06-08 08:37:19.296914+11:00
1,insertValue_ID_Web,2024-06-08 08:37:23.673914+11:00
1,copy_B_Excel_Special_code,2024-06-08 08:37:27.351914+11:00
1,paste_Special_code_Web,2024-06-08 08:37:30.814914+11:00
1,copy_B_Excel_Area,2024-06-08 08:37:33.860914+11:00
1,paste_Area_Web,2024-06-08 08:37:37.804914+11:00
1,clickButton_OK_Web,2024-06-08 08:37:43.005914+11:00
1,clickButton_confirm_Web,2024-06-08 08:37:44.005914+11:00
1,clickButton_B5_Web,2024-06-08 08:37:46.883914+11:00
1,insertBoolValue_Australian_Web,2024-06-08 08:37:49.231914+11:00
1,clickButton_Button6_Web,2024-06-08 08:37:49.232914+11:00
1,openFile_Excel_Sheet1_data_xls,2024-06-08 08:37:52.818914+11:00
1,copy_B_Excel_Special_code,2024-06-08 08:38:00.040914+11:00
1,paste_Special_code_Web,2024-06-08 08:38:01.469914+11:00
1,paste_Country_Web,2024-06-08 08:38:04.661914+11:00
1,goToUrl_www_webpage_com_Web,2024-06-08 08:38:08.553914+11:00
1,clickButton_Button9_Web,2024-06-08 08:38:10.912914+11:00
1,clickButton_OK_Web,2024-06-08 08:38:12.900914+11:00
1,openFile_Excel_Sheet1_data_xls,2024-06-08 08:38:13.900914+11:00
1,goToUrl_www_webpage_com_Web,2024-06-08 08:38:26.729914+11:00
1,insertValue_username_Web,2024-06-08 08:38:32.930914+11:00
1,insertValue_password_Web,2024-06-08 08:38:37.501914+11:00
1,clickButton_confirm_Web,2024-06-08 08:38:43.675914+11:00
1,waitResponse_www_webpage_com_ok_Web,2024-06-08 08:38:46.271914+11:00
1,insertValue_name_Web,2024-06-08 08:38:47.271914+11:00
1,insertValue_surname_Web,2024-06-08 08:38:54.493914+11:00
1,insertValue_age_Web,2024-06-08 08:39:04.684914+11:00
1,insertValue_type_Web,2024-06-08 08:39:07.533914+11:00
1,clickButton_confirm_Web,2024-06-08 08:39:17.582914+11:00
1,clickButton_B5_Web,2024-06-08 08:39:19.373914+11:00
1,insertBoolValue_Australian_Web,2024-06-08 08:39:23.994914+11:00
1,clickButton_Button6_Web,2024-06-08 08:39:25.557914+11:00
1,openFile_Excel_Sheet1_data_xls,2024-06-08 08:39:27.201914+11:00
1,copy_B_Excel_Special_code,2024-06-08 08:39:36.712914+11:00
1,paste_Special_code_Web,2024-06-08 08:39:40.460914+11:00
1,paste_Country_Web,2024-06-08 08:39:43.534914+11:00
1,goToUrl_www_webpage_com_Web,2024-06-08 08:39:48.012914+11:00
1,clickButton_Button9_Web,2024-06-08 08:39:58.081914+11:00
1,clickButton_OK_Web,2024-06-08 08:39:59.125914+11:00
1,clickButton_Button1_Web,2024-06-08 08:40:00.125914+11:00
1,clickButton_B2_Web,2024-06-08 08:40:04.349914+11:00
1,insertValue_ID_Web,2024-06-08 08:40:06.706914+11:00
1,copy_B_Excel_Special_code,2024-06-08 08:40:10.089914+11:00
1,paste_Special_code_Web,2024-06-08 08:40:12.627914+11:00
1,copy_B_Excel_Area,2024-06-08 08:40:16.232914+11:00
1,paste_Area_Web,2024-06-08 08:40:20.243914+11:00
1,clickButton_OK_Web,2024-06-08 08:40:22.832914+11:00
1,insertValue_name_Web,2024-06-08 08:40:23.832914+11:00
1,insertValue_surname_Web,2024-06-08 08:40:28.301914+11:00
1,insertValue_age_Web,2024-06-08 08:40:35.158914+11:00
1,insertValue_type_Web,2024-06-08 08:40:38.364914+11:00
1,clickButton_confirm_Web,2024-06-08 08:40:50.946914+11:00
1,clickButton_B5_Web,2024-06-08 08:40:52.886914+11:00
1,openFile_Excel_Sheet1_data_xls,2024-06-08 08:40:53.886914+11:00
1,goToUrl_www_webpage_com_Web,2024-06-08 08:40:58.145914+11:00
1,insertValue_username_Web,2024-06-08 08:41:05.401914+11:00
1,insertValue_password_Web,2024-06-08 08:41:11.273914+11:00
1,clickButton_confirm_Web,2024-06-08 08:41:17.992914+11:00
1,waitResponse_www_webpage_com_ok_Web,2024-06-08 08:41:20.390914+11:00
1,clickButton_Button1_Web,2024-06-08 08:41:26.840914+11:00
1,clickButton_B2_Web,2024-06-08 08:41:29.433914+11:00
1,insertValue_ID_Web,2024-06-08 08:41:32.165914+11:00
1,copy_B_Excel_Special_code,2024-06-08 08:41:34.210914+11:00
1,paste_Special_code_Web,2024-06-08 08:41:36.864914+11:00
1,copy_B_Excel_Area,2024-06-08 08:41:38.953914+11:00
1,paste_Area_Web,2024-06-08 08:41:40.925914+11:00
1,clickButton_OK_Web,2024-06-08 08:41:44.126914+11:00
1,insertBoolValue_Australian_Web,2024-06-08 08:41:45.126914+11:00
1,clickButton_Button6_Web,2024-06-08 08:41:51.664914+11:00
1,openFile_Excel_Sheet1_data_xls,2024-06-08 08:41:55.824914+11:00
1,copy_B_Excel_Special_code,2024-06-08 08:42:00.682914+11:00
1,paste_Special_code_Web,2024-06-08 08:42:03.423914+11:00
1,paste_Country_Web,2024-06-08 08:42:07.771914+11:00
1,goToUrl_www_webpage_com_Web,2024-06-08 08:42:09.856914+11:00
1,clickButton_Button9_Web,2024-06-08 08:42:10.152914+11:00
1,clickButton_OK_Web,2024-06-08 08:42:13.761914+11:00
1,insertValue_name_Web,2024-06-08 08:42:14.761914+11:00
1,insertValue_surname_Web,2024-06-08 08:42:17.746914+11:00
1,insertValue_age_Web,2024-06-08 08:42:33.663914+11:00
1,insertValue_type_Web,2024-06-08 08:42:42.435914+11:00
1,clickButton_confirm_Web,2024-06-08 08:42:56.332914+11:00
1,clickButton_B5_Web,2024-06-08 08:42:59.416914+11:00
1,insertBoolValue_Australian_Web,2024-06-08 08:43:03.321914+11:00
1,clickButton_Button6_Web,2024-06-08 08:43:03.322914+11:00
1,openFile_Excel_Sheet1_data_xls,2024-06-08 08:43:05.825914+11:00
1,copy_B_Excel_Special_code,2024-06-08 08:43:19.879914+11:00
1,paste_Special_code_Web,2024-06-08 08:43:23.387914+11:00
1,openFile_Excel_Sheet1_data_xls,2024-06-08 08:43:24.387914+11:00
1,goToUrl_www_webpage_com_Web,2024-06-08 08:43:28.151914+11:00
1,insertValue_username_Web,2024-06-08 08:43:41.879914+11:00
1,insertValue_password_Web,2024-06-08 08:43:52.276914+11:00
1,clickButton_confirm_Web,2024-06-08 08:44:07.575914+11:00
1,waitResponse_www_webpage_com_ok_Web,2024-06-08 08:44:10.753914+11:00
1,clickButton_Button1_Web,2024-06-08 08:44:26.837914+11:00
1,clickButton_B2_Web,2024-06-08 08:44:29.573914+11:00
1,insertValue_ID_Web,2024-06-08 08:44:30.860914+11:00
1,copy_B_Excel_Special_code,2024-06-08 08:44:33.944914+11:00
1,paste_Special_code_Web,2024-06-08 08:44:37.185914+11:00
1,copy_B_Excel_Area,2024-06-08 08:44:40.672914+11:00
1,paste_Area_Web,2024-06-08 08:44:43.005914+11:00
1,clickButton_OK_Web,2024-06-08 08:44:46.210914+11:00
1,paste_Country_Web,2024-06-08 08:44:47.210914+11:00
1,goToUrl_www_webpage_com_Web,2024-06-08 08:44:51.329914+11:00
1,clickButton_Button9_Web,2024-06-08 08:44:57.592914+11:00
1,clickButton_OK_Web,2024-06-08 08:45:01.845914+11:00
1,openFile_Excel_Sheet1_data_xls,2024-06-08 08:45:02.845914+11:00
1,goToUrl_www_webpage_com_Web,2024-06-08 08:45:02.846914+11:00
1,insertValue_username_Web,2024-06-08 08:45:13.281914+11:00
1,insertValue_password_Web,2024-06-08 08:45:17.791914+11:00
1,insertValue_name_Web,2024-06-08 08:45:18.791914+11:00
1,insertValue_surname_Web,2024-06-08 08:45:27.526914+11:00
1,insertValue_age_Web,2024-06-08 08:45:42.799914+11:00
1,insertValue_type_Web,2024-06-08 08:45:46.581914+11:00
1,clickButton_confirm_Web,2024-06-08 08:45:56.398914+11:00
1,clickButton_B5_Web,2024-06-08 08:45:58.554914+11:00
1,insertBoolValue_Australian_Web,2024-06-08 08:46:01.693914+11:00
1,clickButton_Button6_Web,2024-06-08 08:46:12.616914+11:00
1,openFile_Excel_Sheet1_data_xls,2024-06-08 08:46:14.449914+11:00
1,copy_B_Excel_Special_code,2024-06-08 08:46:26.938914+11:00
1,paste_Special_code_Web,2024-06-08 08:46:30.647914+11:00
1,paste_Country_Web,2024-06-08 08:46:33.638914+11:00
1,goToUrl_www_webpage_com_Web,2024-06-08 08:46:35.323914+11:00
1,clickButton_Button9_Web,2024-06-08 08:46:46.792914+11:00
1,clickButton_OK_Web,2024-06-08 08:46:51.276914+11:00
1,clickButton_confirm_Web,2024-06-08 08:46:52.276914+11:00
1,waitResponse_www_webpage_com_ok_Web,2024-06-08 08:46:56.783914+11:00
1,clickButton_Button1_Web,2024-06-08 08:47:11.290914+11:00
1,clickButton_B2_Web,2024-06-08 08:47:14.224914+11:00
1,insertValue_ID_Web,2024-06-08 08:47:16.583914+11:00
1,copy_B_Excel_Special_code,2024-06-08 08:47:19.729914+11:00
1,paste_Special_code_Web,2024-06-08 08:47:22.022914+11:00
1,copy_B_Excel_Area,2024-06-08 08:47:24.113914+11:00
1,paste_Area_Web,2024-06-08 08:47:26.592914+11:00
1,clickButton_OK_Web,2024-06-08 08:47:28.634914+11:00
1,openFile_Excel_Sheet1_data_xls,2024-06-08 08:47:29.634914+11:00
1,goToUrl_www_webpage_com_Web,2024-06-08 08:47:42.172914+11:00
1,insertValue_username_Web,2024-06-08 08:47:42.173914+11:00
1,insertValue_password_Web,2024-06-08 08:47:52.318914+11:00
1,clickButton_confirm_Web,2024-06-08 08:48:05.196914+11:00
1,waitResponse_www_webpage_com_ok_Web,2024-06-08 08:48:07.839914+11:00
1,clickButton_Button1_Web,2024-06-08 08:48:08.741914+11:00
1,clickButton_B2_Web,2024-06-08 08:48:13.448914+11:00
1,insertValue_name_Web,2024-06-08 08:48:14.448914+11:00
1,insertValue_surname_Web,2024-06-08 08:48:14.449914+11:00
1,insertValue_age_Web,2024-06-08 08:48:26.723914+11:00
1,insertValue_type_Web,2024-06-08 08:48:35.737914+11:00
1,clickButton_confirm_Web,2024-06-08 08:48:42.430914+11:00
1,clickButton_B5_Web,2024-06-08 08:48:45.796914+11:00
1,insertBoolValue_Australian_Web,2024-06-08 08:48:48.280914+11:00
1,clickButton_Button6_Web,2024-06-08 08:48:59.129914+11:00
1,openFile_Excel_Sheet1_data_xls,2024-06-08 08:49:02.641914+11:00
1,copy_B_Excel_Special_code,2024-06-08 08:49:07.097914+11:00
1,paste_Special_code_Web,2024-06-08 08:49:10.265914+11:00
1,paste_Country_Web,2024-06-08 08:49:14.207914+11:00
1,goToUrl_www_webpage_com_Web,2024-06-08 08:49:17.147914+11:00
1,clickButton_Button9_Web,2024-06-08 08:49:21.886914+11:00
1,clickButton_OK_Web,2024-06-08 08:49:22.921914+11:00
1,insertValue_ID_Web,2024-06-08 08:49:23.921914+11:00
1,copy_B_Excel_Special_code,2024-06-08 08:49:25.385914+11:00
1,paste_Special_code_Web,2024-06-08 08:49:30.660914+11:00
1,copy_B_Excel_Area,2024-06-08 08:49:35.107914+11:00
1,paste_Area_Web,2024-06-08 08:49:37.455914+11:00
1,clickButton_OK_Web,2024-06-08 08:49:39.406914+11:00
1,insertValue_name_Web,2024-06-08 08:49:40.406914+11:00
1,insertValue_surname_Web,2024-06-08 08:49:41.897914+11:00
1,insertValue_age_Web,2024-06-08 08:49:52.316914+11:00
1,insertValue_type_Web,2024-06-08 08:50:03.725914+11:00
1,openFile_Excel_Sheet1_data_xls,2024-06-08 08:50:04.725914+11:00
1,goToUrl_www_webpage_com_Web,2024-06-08 08:50:17.817914+11:00
1,insertValue_username_Web,2024-06-08 08:50:22.772914+11:00
1,insertValue_password_Web,2024-06-08 08:50:26.211914+11:00
1,clickButton_confirm_Web,2024-06-08 08:50:35.151914+11:00
1,waitResponse_www_webpage_com_ok_Web,2024-06-08 08:50:38.809914+11:00
1,clickButton_Button1_Web,2024-06-08 08:50:41.350914+11:00
1,clickButton_B2_Web,2024-06-08 08:50:43.508914+11:00
1,insertValue_ID_Web,2024-06-08 08:50:45.087914+11:00
1,copy_B_Excel_Special_code,2024-06-08 08:50:47.048914+11:00
1,paste_Special_code_Web,2024-06-08 08:50:50.101914+11:00
1,copy_B_Excel_Area,2024-06-08 08:50:53.924914+11:00
1,paste_Area_Web,2024-06-08 08:50:57.507914+11:00
1,clickButton_OK_Web,2024-06-08 08:50:59.678914+11:00
1,clickButton_confirm_Web,2024-06-08 08:51:00.678914+11:00
1,clickButton_B5_Web,2024-06-08 08:51:03.858914+11:00
1,insertBoolValue_Australian_Web,2024-06-08 08:51:07.551914+11:00
1,clickButton_Button6_Web,2024-06-08 08:51:11.281914+11:00
1,openFile_Excel_Sheet1_data_xls,2024-06-08 08:51:15.252914+11:00
1,copy_B_Excel_Special_code,2024-06-08 08:51:23.219914+11:00
1,paste_Special_code_Web,2024-06-08 08:51:25.629914+11:00
1,paste_Country_Web,2024-06-08 08:51:30.085914+11:00
1,goToUrl_www_webpage_com_Web,2024-06-08 08:51:33.826914+11:00
1,clickButton_Button9_Web,2024-06-08 08:51:42.783914+11:00
1,clickButton_OK_Web,2024-06-08 08:51:46.519914+11:00
1,openFile_Excel_Sheet1_data_xls,2024-06-08 08:51:47.519914+11:00
1,goToUrl_www_webpage_com_Web,2024-06-08 08:52:03.351914+11:00
1,insertValue_username_Web,2024-06-08 08:52:17.709914+11:00
1,insertValue_password_Web,2024-06-08 08:52:26.529914+11:00
1,clickButton_confirm_Web,2024-06-08 08:52:35.655914+11:00
1,waitResponse_www_webpage_com_ok_Web,2024-06-08 08:52:39.546914+11:00
1,clickButton_Button1_Web,2024-06-08 08:52:48.429914+11:00
1,clickButton_B2_Web,2024-06-08 08:52:50.562914+11:00
1,insertValue_ID_Web,2024-06-08 08:52:53.607914+11:00
1,copy_B_Excel_Special_code,2024-06-08 08:52:56.181914+11:00
1,insertValue_name_Web,2024-06-08 08:52:57.181914+11:00
1,insertValue_surname_Web,2024-06-08 08:53:15.087914+11:00
1,insertValue_age_Web,2024-06-08 08:53:15.882914+11:00
1,insertValue_type_Web,2024-06-08 08:53:21.187914+11:00
1,clickButton_confirm_Web,2024-06-08 08:53:32.567914+11:00
1,clickButton_B5_Web,2024-06-08 08:53:36.092914+11:00
1,insertBoolValue_Australian_Web,2024-06-08 08:53:38.670914+11:00
1,clickButton_Button6_Web,2024-06-08 08:53:49.317914+11:00
1,openFile_Excel_Sheet1_data_xls,2024-06-08 08:53:51.305914+11:00
1,copy_B_Excel_Special_code,2024-06-08 08:54:02.731914+11:00
1,paste_Special_code_Web,2024-06-08 08:54:05.028914+11:00
1,paste_Country_Web,2024-06-08 08:54:08.492914+11:00
1,goToUrl_www_webpage_com_Web,2024-06-08 08:54:11.059914+11:00
1,clickButton_Button9_Web,2024-06-08 08:54:17.521914+11:00
1,clickButton_OK_Web,2024-06-08 08:54:21.212914+11:00
1,paste_Special_code_Web,2024-06-08 08:54:22.212914+11:00
1,copy_B_Excel_Area,2024-06-08 08:54:26.676914+11:00
1,paste_Area_Web,2024-06-08 08:54:31.949914+11:00
1,clickButton_OK_Web,2024-06-08 08:54:36.459914+11:00
1,insertValue_name_Web,2024-06-08 08:54:37.459914+11:00
1,openFile_Excel_Sheet1_data_xls,2024-06-08 08:54:38.459914+11:00
1,goToUrl_www_webpage_com_Web,2024-06-08 08:54:50.881914+11:00
1,insertValue_username_Web,2024-06-08 08:55:03.213914+11:00
1,insertValue_password_Web,2024-06-08 08:55:11.413914+11:00
1,clickButton_confirm_Web,2024-06-08 08:55:18.659914+11:00
1,waitResponse_www_webpage_com_ok_Web,2024-06-08 08:55:21.506914+11:00
1,clickButton_Button1_Web,2024-06-08 08:55:26.987914+11:00
1,clickButton_B2_Web,2024-06-08 08:55:30.008914+11:00
1,insertValue_ID_Web,2024-06-08 08:55:34.641914+11:00
1,copy_B_Excel_Special_code,2024-06-08 08:55:36.715914+11:00
1,paste_Special_code_Web,2024-06-08 08:55:39.010914+11:00
1,copy_B_Excel_Area,2024-06-08 08:55:39.685914+11:00
1,paste_Area_Web,2024-06-08 08:55:42.377914+11:00
1,clickButton_OK_Web,2024-06-08 08:55:45.699914+11:00
1,insertValue_surname_Web,2024-06-08 08:55:46.699914+11:00
1,insertValue_age_Web,2024-06-08 08:55:55.955914+11:00
1,insertValue_type_Web,2024-06-08 08:56:12.098914+11:00
1,clickButton_confirm_Web,2024-06-08 08:56:18.005914+11:00
1,clickButton_B5_Web,2024-06-08 08:56:20.801914+11:00
1,insertBoolValue_Australian_Web,2024-06-08 08:56:23.541914+11:00
1,clickButton_Button6_Web,2024-06-08 08:56:34.015914+11:00
1,openFile_Excel_Sheet1_data_xls,2024-06-08 08:56:36.844914+11:00
1,copy_B_Excel_Special_code,2024-06-08 08:56:38.760914+11:00
1,paste_Special_code_Web,2024-06-08 08:56:41.626914+11:00
1,paste_Country_Web,2024-06-08 08:56:43.797914+11:00
1,goToUrl_www_webpage_com_Web,2024-06-08 08:56:46.813914+11:00
1,clickButton_Button9_Web,2024-06-08 08:56:46.814914+11:00
1,clickButton_OK_Web,2024-06-08 08:56:48.486914+11:00
1,openFile_Excel_Sheet1_data_xls,2024-06-08 08:56:49.486914+11:00
1,goToUrl_www_webpage_com_Web,2024-06-08 08:56:57.722914+11:00
1,insertValue_username_Web,2024-06-08 08:56:58.371914+11:00
1,insertValue_password_Web,2024-06-08 08:57:02.744914+11:00
1,clickButton_confirm_Web,2024-06-08 08:57:11.924914+11:00
1,waitResponse_www_webpage_com_ok_Web,2024-06-08 08:57:15.211914+11:00
1,clickButton_Button1_Web,2024-06-08 08:57:26.629914+11:00
1,clickButton_B2_Web,2024-06-08 08:57:30.818914+11:00
1,insertValue_ID_Web,2024-06-08 08:57:33.050914+11:00
1,insertValue_name_Web,2024-06-08 08:57:34.050914+11:00
1,insertValue_surname_Web,2024-06-08 08:57:42.278914+11:00
1,insertValue_age_Web,2024-06-08 08:57:50.106914+11:00
1,insertValue_type_Web,2024-06-08 08:58:00.593914+11:00
1,clickButton_confirm_Web,2024-06-08 08:58:04.924914+11:00
1,clickButton_B5_Web,2024-06-08 08:58:06.899914+11:00
1,insertBoolValue_Australian_Web,2024-06-08 08:58:10.772914+11:00
1,clickButton_Button6_Web,2024-06-08 08:58:11.599914+11:00
1,openFile_Excel_Sheet1_data_xls,2024-06-08 08:58:12.711914+11:00
1,copy_B_Excel_Special_code,2024-06-08 08:58:22.716914+11:00
1,paste_Special_code_Web,2024-06-08 08:58:26.593914+11:00
1,paste_Country_Web,2024-06-08 08:58:32.122914+11:00
1,goToUrl_www_webpage_com_Web,2024-06-08 08:58:35.862914+11:00
1,clickButton_Button9_Web,2024-06-08 08:58:41.916914+11:00
1,clickButton_OK_Web,2024-06-08 08:58:45.614914+11:00
1,copy_B_Excel_Special_code,2024-06-08 08:58:46.614914+11:00
1,paste_Special_code_Web,2024-06-08 08:58:50.173914+11:00
1,copy_B_Excel_Area,2024-06-08 08:58:51.565914+11:00
1,paste_Area_Web,2024-06-08 08:58:56.063914+11:00
1,clickButton_OK_Web,2024-06-08 08:58:59.899914+11:00
1,openFile_Excel_Sheet1_data_xls,2024-06-08 08:59:00.899914+11:00
1,goToUrl_www_webpage_com_Web,2024-06-08 08:59:00.900914+11:00
1,insertValue_username_Web,2024-06-08 08:59:00.901914+11:00
1,insertValue_password_Web,2024-06-08 08:59:11.128914+11:00
1,clickButton_confirm_Web,2024-06-08 08:59:19.724914+11:00
1,waitResponse_www_webpage_com_ok_Web,2024-06-08 08:59:22.475914+11:00
1,clickButton_Button1_Web,2024-06-08 08:59:35.397914+11:00
1,clickButton_B2_Web,2024-06-08 08:59:38.478914+11:00
1,insertValue_ID_Web,2024-06-08 08:59:41.292914+11:00
1,copy_B_Excel_Special_code,2024-06-08 08:59:44.488914+11:00
1,paste_Special_code_Web,2024-06-08 08:59:48.638914+11:00
1,copy_B_Excel_Area,2024-06-08 08:59:51.441914+11:00
1,paste_Area_Web,2024-06-08 08:59:54.676914+11:00
1,insertValue_name_Web,2024-06-08 08:59:55.676914+11:00
1,insertValue_surname_Web,2024-06-08 09:00:04.999914+11:00
1,insertValue_age_Web,2024-06-08 09:00:10.082914+11:00
1,insertValue_type_Web,2024-06-08 09:00:16.920914+11:00
1,clickButton_confirm_Web,2024-06-08 09:00:22.467914+11:00
1,clickButton_B5_Web,2024-06-08 09:00:24.111914+11:00
1,insertBoolValue_Australian_Web,2024-06-08 09:00:27.921914+11:00
1,clickButton_Button6_Web,2024-06-08 09:00:39.177914+11:00
1,openFile_Excel_Sheet1_data_xls,2024-06-08 09:00:42.958914+11:00
1,copy_B_Excel_Special_code,2024-06-08 09:00:47.815914+11:00
1,paste_Special_code_Web,2024-06-08 09:00:51.591914+11:00
1,paste_Country_Web,2024-06-08 09:00:53.913914+11:00
1,goToUrl_www_webpage_com_Web,2024-06-08 09:00:57.096914+11:00
1,clickButton_Button9_Web,2024-06-08 09:01:04.084914+11:00
1,clickButton_OK_Web,2024-06-08 09:01:06.604914+11:00
1,clickButton_OK_Web,2024-06-08 09:01:07.604914+11:00
1,insertValue_name_Web,2024-06-08 09:01:08.604914+11:00
1,insertValue_surname_Web,2024-06-08 09:01:14.179914+11:00
1,insertValue_age_Web,2024-06-08 09:01:23.828914+11:00
1,openFile_Excel_Sheet1_data_xls,2024-06-08 09:01:24.828914+11:00
1,goToUrl_www_webpage_com_Web,2024-06-08 09:01:26.165914+11:00
1,insertValue_username_Web,2024-06-08 09:01:31.741914+11:00
1,insertValue_password_Web,2024-06-08 09:01:38.407914+11:00
1,clickButton_confirm_Web,2024-06-08 09:01:44.780914+11:00
1,waitResponse_www_webpage_com_ok_Web,2024-06-08 09:01:46.435914+11:00
1,clickButton_Button1_Web,2024-06-08 09:01:46.436914+11:00
1,clickButton_B2_Web,2024-06-08 09:01:49.164914+11:00
1,insertValue_ID_Web,2024-06-08 09:01:52.911914+11:00
1,copy_B_Excel_Special_code,2024-06-08 09:01:54.562914+11:00
1,paste_Special_code_Web,2024-06-08 09:01:56.024914+11:00
1,copy_B_Excel_Area,2024-06-08 09:01:58.188914+11:00
1,paste_Area_Web,2024-06-08 09:02:01.128914+11:00
1,clickButton_OK_Web,2024-06-08 09:02:02.316914+11:00
1,insertValue_type_Web,2024-06-08 09:02:03.316914+11:00
1,clickButton_confirm_Web,2024-06-08 09:02:09.519914+11:00
1,clickButton_B5_Web,2024-06-08 09:02:13.828914+11:00
1,insertBoolValue_Australian_Web,2024-06-08 09:02:16.834914+11:00
1,clickButton_Button6_Web,2024-06-08 09:02:25.770914+11:00
1,openFile_Excel_Sheet1_data_xls,2024-06-08 09:02:28.009914+11:00
1,copy_B_Excel_Special_code,2024-06-08 09:02:34.582914+11:00
1,paste_Special_code_Web,2024-06-08 09:02:37.747914+11:00
1,paste_Country_Web,2024-06-08 09:02:40.380914+11:00
1,goToUrl_www_webpage_com_Web,2024-06-08 09:02:43.907914+11:00
1,clickButton_Button9_Web,2024-06-08 09:02:51.557914+11:00
1,clickButton_OK_Web,2024-06-08 09:02:55.291914+11:00
1,openFile_Excel_Sheet1_data_xls,2024-06-08 09:02:56.291914+11:00
1,goToUrl_www_webpage_com_Web,2024-06-08 09:02:57.084914+11:00
1,insertValue_username_Web,2024-06-08 09:03:01.568914+11:00
1,insertValue_password_Web,2024-06-08 09:03:11.014914+11:00
1,clickButton_confirm_Web,2024-06-08 09:03:28.319914+11:00
1,waitResponse_www_webpage_com_ok_Web,2024-06-08 09:03:30.232914+11:00
1,clickButton_Button1_Web,2024-06-08 09:03:42.259914+11:00
1,clickButton_B2_Web,2024-06-08 09:03:44.977914+11:00
1,insertValue_ID_Web,2024-06-08 09:03:48.696914+11:00
1,copy_B_Excel_Special_code,2024-06-08 09:03:50.432914+11:00
1,paste_Special_code_Web,2024-06-08 09:03:52.331914+11:00
1,copy_B_Excel_Area,2024-06-08 09:03:54.773914+11:00
1,insertValue_name_Web,2024-06-08 09:03:55.773914+11:00
1,insertValue_surname_Web,2024-06-08 09:04:03.379914+11:00
1,insertValue_age_Web,2024-06-08 09:04:11.381914+11:00
1,insertValue_type_Web,2024-06-08 09:04:21.321914+11:00
1,clickButton_confirm_Web,2024-06-08 09:04:37.350914+11:00
1,clickButton_B5_Web,2024-06-08 09:04:39.609914+11:00
1,insertBoolValue_Australian_Web,2024-06-08 09:04:43.042914+11:00
1,clickButton_Button6_Web,2024-06-08 09:04:58.769914+11:00
1,openFile_Excel_Sheet1_data_xls,2024-06-08 09:05:01.134914+11:00
1,copy_B_Excel_Special_code,2024-06-08 09:05:11.540914+11:00
1,paste_Special_code_Web,2024-06-08 09:05:13.211914+11:00
1,paste_Country_Web,2024-06-08 09:05:16.094914+11:00
1,goToUrl_www_webpage_com_Web,2024-06-08 09:05:19.037914+11:00
1,clickButton_Button9_Web,2024-06-08 09:05:24.795914+11:00
1,clickButton_OK_Web,2024-06-08 09:05:28.453914+11:00
1,paste_Area_Web,2024-06-08 09:05:29.453914+11:00
1,clickButton_OK_Web,2024-06-08 09:05:32.507914+11:00
1,openFile_Excel_Sheet1_data_xls,2024-06-08 09:05:33.507914+11:00
1,goToUrl_www_webpage_com_Web,2024-06-08 09:05:45.165914+11:00
1,insertValue_username_Web,2024-06-08 09:05:47.408914+11:00
1,insertValue_password_Web,2024-06-08 09:05:49.477914+11:00
1,clickButton_confirm_Web,2024-06-08 09:05:51.382914+11:00
1,waitResponse_www_webpage_com_ok_Web,2024-06-08 09:05:53.982914+11:00
1,clickButton_Button1_Web,2024-06-08 09:06:03.402914+11:00
1,clickButton_B2_Web,2024-06-08 09:06:06.430914+11:00
1,insertValue_ID_Web,2024-06-08 09:06:08.725914+11:00
1,insertValue_name_Web,2024-06-08 09:06:09.725914+11:00
1,insertValue_surname_Web,2024-06-08 09:06:09.726914+11:00
1,insertValue_age_Web,2024-06-08 09:06:26.195914+11:00
1,insertValue_type_Web,2024-06-08 09:06:28.981914+11:00
1,clickButton_confirm_Web,2024-06-08 09:06:30.326914+11:00
1,clickButton_B5_Web,2024-06-08 09:06:33.814914+11:00
1,insertBoolValue_Australian_Web,2024-06-08 09:06:37.105914+11:00
1,clickButton_Button6_Web,2024-06-08 09:06:45.553914+11:00
1,openFile_Excel_Sheet1_data_xls,2024-06-08 09:06:46.946914+11:00
1,copy_B_Excel_Special_code,2024-06-08 09:06:52.398914+11:00
1,paste_Special_code_Web,2024-06-08 09:06:56.261914+11:00
1,paste_Country_Web,2024-06-08 09:07:00.019914+11:00
1,goToUrl_www_webpage_com_Web,2024-06-08 09:07:03.594914+11:00
1,clickButton_Button9_Web,2024-06-08 09:07:16.440914+11:00
1,clickButton_OK_Web,2024-06-08 09:07:21.351914+11:00
1,copy_B_Excel_Special_code,2024-06-08 09:07:22.351914+11:00
1,paste_Special_code_Web,2024-06-08 09:07:24.759914+11:00
1,copy_B_Excel_Area,2024-06-08 09:07:28.273914+11:00
1,paste_Area_Web,2024-06-08 09:07:30.084914+11:00
1,clickButton_OK_Web,2024-06-08 09:07:33.247914+11:00
1,openFile_Excel_Sheet1_data_xls,2024-06-08 09:07:34.247914+11:00
1,goToUrl_www_webpage_com_Web,2024-06-08 09:07:44.934914+11:00
1,insertValue_username_Web,2024-06-08 09:07:53.507914+11:00
1,insertValue_password_Web,2024-06-08 09:08:02.299914+11:00
1,clickButton_confirm_Web,2024-06-08 09:08:22.076914+11:00
1,waitResponse_www_webpage_com_ok_Web,2024-06-08 09:08:24.748914+11:00
1,insertValue_name_Web,2024-06-08 09:08:25.748914+11:00
1,insertValue_surname_Web,2024-06-08 09:08:40.733914+11:00
1,insertValue_age_Web,2024-06-08 09:08:52.125914+11:00
1,insertValue_type_Web,2024-06-08 09:08:54.992914+11:00
1,clickButton_confirm_Web,2024-06-08 09:09:01.903914+11:00
1,clickButton_B5_Web,2024-06-08 09:09:05.235914+11:00
1,insertBoolValue_Australian_Web,2024-06-08 09:09:08.207914+11:00
1,clickButton_Button6_Web,2024-06-08 09:09:08.460914+11:00
1,openFile_Excel_Sheet1_data_xls,2024-06-08 09:09:10.471914+11:00
1,copy_B_Excel_Special_code,2024-06-08 09:09:20.686914+11:00
1,paste_Special_code_Web,2024-06-08 09:09:24.341914+11:00
1,paste_Country_Web,2024-06-08 09:09:26.135914+11:00
1,goToUrl_www_webpage_com_Web,2024-06-08 09:09:27.678914+11:00
1,clickButton_Button9_Web,2024-06-08 09:09:33.023914+11:00
1,clickButton_OK_Web,2024-06-08 09:09:35.849914+11:00
1,clickButton_Button1_Web,2024-06-08 09:09:36.849914+11:00
1,clickButton_B2_Web,2024-06-08 09:09:39.915914+11:00
1,insertValue_ID_Web,2024-06-08 09:09:43.109914+11:00
1,copy_B_Excel_Special_code,2024-06-08 09:09:46.558914+11:00
1,paste_Special_code_Web,2024-06-08 09:09:49.548914+11:00
1,copy_B_Excel_Area,2024-06-08 09:09:51.850914+11:00
1,paste_Area_Web,2024-06-08 09:09:55.149914+11:00
1,clickButton_OK_Web,2024-06-08 09:09:58.250914+11:00
1,insertValue_name_Web,2024-06-08 09:09:59.250914+11:00
1,insertValue_surname_Web,2024-06-08 09:10:09.669914+11:00
1,insertValue_age_Web,2024-06-08 09:10:12.859914+11:00
1,insertValue_type_Web,2024-06-08 09:10:21.062914+11:00
1,clickButton_confirm_Web,2024-06-08 09:10:28.194914+11:00
1,openFile_Excel_Sheet1_data_xls,2024-06-08 09:10:29.194914+11:00
1,goToUrl_www_webpage_com_Web,2024-06-08 09:10:37.180914+11:00
1,insertValue_username_Web,2024-06-08 09:10:50.561914+11:00
1,insertValue_password_Web,2024-06-08 09:11:02.192914+11:00
1,clickButton_confirm_Web,2024-06-08 09:11:10.346914+11:00
1,waitResponse_www_webpage_com_ok_Web,2024-06-08 09:11:14.861914+11:00
1,clickButton_Button1_Web,2024-06-08 09:11:19.855914+11:00
1,clickButton_B2_Web,2024-06-08 09:11:24.446914+11:00
1,insertValue_ID_Web,2024-06-08 09:11:28.206914+11:00
1,copy_B_Excel_Special_code,2024-06-08 09:11:31.033914+11:00
1,paste_Special_code_Web,2024-06-08 09:11:32.252914+11:00
1,copy_B_Excel_Area,2024-06-08 09:11:35.786914+11:00
1,paste_Area_Web,2024-06-08 09:11:40.955914+11:00
1,clickButton_OK_Web,2024-06-08 09:11:44.411914+11:00
1,clickButton_B5_Web,2024-06-08 09:11:45.411914+11:00
1,insertBoolValue_Australian_Web,2024-06-08 09:11:49.005914+11:00
1,clickButton_Button6_Web,2024-06-08 09:11:56.089914+11:00
1,openFile_Excel_Sheet1_data_xls,2024-06-08 09:11:57.790914+11:00
1,copy_B_Excel_Special_code,2024-06-08 09:12:02.396914+11:00
1,paste_Special_code_Web,2024-06-08 09:12:04.740914+11:00
1,paste_Country_Web,2024-06-08 09:12:06.003914+11:00
1,goToUrl_www_webpage_com_Web,2024-06-08 09:12:09.930914+11:00
1,clickButton_Button9_Web,2024-06-08 09:12:22.578914+11:00
1,clickButton_OK_Web,2024-06-08 09:12:26.014914+11:00
1,openFile_Excel_Sheet1_data_xls,2024-06-08 09:12:27.014914+11:00
1,goToUrl_www_webpage_com_Web,2024-06-08 09:12:38.470914+11:00
1,insertValue_username_Web,2024-06-08 09:12:43.362914+11:00
1,insertValue_password_Web,2024-06-08 09:12:50.818914+11:00
1,clickButton_confirm_Web,2024-06-08 09:13:00.455914+11:00
1,waitResponse_www_webpage_com_ok_Web,2024-06-08 09:13:05.440914+11:00
1,clickButton_Button1_Web,2024-06-08 09:13:13.068914+11:00
1,clickButton_B2_Web,2024-06-08 09:13:17.081914+11:00
1,insertValue_ID_Web,2024-06-08 09:13:21.139914+11:00
1,copy_B_Excel_Special_code,2024-06-08 09:13:22.725914+11:00
1,paste_Special_code_Web,2024-06-08 09:13:23.977914+11:00
1,insertValue_name_Web,2024-06-08 09:13:24.977914+11:00
1,insertValue_surname_Web,2024-06-08 09:13:27.256914+11:00
1,insertValue_age_Web,2024-06-08 09:13:41.738914+11:00
1,insertValue_type_Web,2024-06-08 09:13:42.840914+11:00
1,clickButton_confirm_Web,2024-06-08 09:13:43.785914+11:00
1,clickButton_B5_Web,2024-06-08 09:13:47.598914+11:00
1,insertBoolValue_Australian_Web,2024-06-08 09:13:50.565914+11:00
1,clickButton_Button6_Web,2024-06-08 09:13:54.342914+11:00
1,openFile_Excel_Sheet1_data_xls,2024-06-08 09:13:57.402914+11:00
1,copy_B_Excel_Special_code,2024-06-08 09:14:23.732914+11:00
1,paste_Special_code_Web,2024-06-08 09:14:27.542914+11:00
1,paste_Country_Web,2024-06-08 09:14:31.659914+11:00
1,goToUrl_www_webpage_com_Web,2024-06-08 09:14:35.843914+11:00
1,clickButton_Button9_Web,2024-06-08 09:14:37.237914+11:00
1,clickButton_OK_Web,2024-06-08 09:14:41.782914+11:00
1,copy_B_Excel_Area,2024-06-08 09:14:42.782914+11:00
1,paste_Area_Web,2024-06-08 09:14:44.230914+11:00
1,clickButton_OK_Web,2024-06-08 09:14:47.526914+11:00
1,insertValue_name_Web,2024-06-08 09:14:48.526914+11:00
1,openFile_Excel_Sheet1_data_xls,2024-06-08 09:14:49.526914+11:00
1,goToUrl_www_webpage_com_Web,2024-06-08 09:14:49.527914+11:00
1,insertValue_username_Web,2024-06-08 09:14:52.844914+11:00
1,insertValue_password_Web,2024-06-08 09:14:59.292914+11:00
1,clickButton_confirm_Web,2024-06-08 09:14:59.293914+11:00
1,waitResponse_www_webpage_com_ok_Web,2024-06-08 09:15:02.167914+11:00
1,clickButton_Button1_Web,2024-06-08 09:15:02.168914+11:00
1,clickButton_B2_Web,2024-06-08 09:15:05.192914+11:00
1,insertValue_ID_Web,2024-06-08 09:15:09.156914+11:00
1,copy_B_Excel_Special_code,2024-06-08 09:15:10.485914+11:00
1,paste_Special_code_Web,2024-06-08 09:15:13.738914+11:00
1,copy_B_Excel_Area,2024-06-08 09:15:17.466914+11:00
1,paste_Area_Web,2024-06-08 09:15:20.135914+11:00
1,clickButton_OK_Web,2024-06-08 09:15:23.082914+11:00
1,insertValue_surname_Web,2024-06-08 09:15:24.082914+11:00
1,insertValue_age_Web,2024-06-08 09:15:33.347914+11:00
1,insertValue_type_Web,2024-06-08 09:15:45.955914+11:00
1,clickButton_confirm_Web,2024-06-08 09:15:45.956914+11:00
1,clickButton_B5_Web,2024-06-08 09:15:49.120914+11:00
1,insertBoolValue_Australian_Web,2024-06-08 09:15:52.689914+11:00
1,clickButton_Button6_Web,2024-06-08 09:15:54.386914+11:00
1,openFile_Excel_Sheet1_data_xls,2024-06-08 09:15:59.827914+11:00
1,copy_B_Excel_Special_code,2024-06-08 09:16:08.877914+11:00
1,paste_Special_code_Web,2024-06-08 09:16:11.244914+11:00
1,paste_Country_Web,2024-06-08 09:16:13.302914+11:00
1,goToUrl_www_webpage_com_Web,2024-06-08 09:16:17.662914+11:00
1,clickButton_Button9_Web,2024-06-08 09:16:27.219914+11:00
1,clickButton_OK_Web,2024-06-08 09:16:30.039914+11:00
1,openFile_Excel_Sheet1_data_xls,2024-06-08 09:16:31.039914+11:00
1,goToUrl_www_webpage_com_Web,2024-06-08 09:16:43.188914+11:00
1,insertValue_username_Web,2024-06-08 09:16:49.383914+11:00
1,insertValue_password_Web,2024-06-08 09:16:49.384914+11:00
1,clickButton_confirm_Web,2024-06-08 09:17:09.080914+11:00
1,waitResponse_www_webpage_com_ok_Web,2024-06-08 09:17:11.824914+11:00
1,clickButton_Button1_Web,2024-06-08 09:17:25.295914+11:00
1,clickButton_B2_Web,2024-06-08 09:17:27.339914+11:00
1,insertValue_ID_Web,2024-06-08 09:17:32.102914+11:00
1,copy_B_Excel_Special_code,2024-06-08 09:17:37.115914+11:00
1,paste_Special_code_Web,2024-06-08 09:17:40.468914+11:00
1,copy_B_Excel_Area,2024-06-08 09:17:44.037914+11:00
1,paste_Area_Web,2024-06-08 09:17:48.510914+11:00
1,insertValue_name_Web,2024-06-08 09:17:49.510914+11:00
1,insertValue_surname_Web,2024-06-08 09:18:05.849914+11:00
1,insertValue_age_Web,2024-06-08 09:18:07.515914+11:00
1,insertValue_type_Web,2024-06-08 09:18:15.067914+11:00
1,clickButton_confirm_Web,2024-06-08 09:18:27.263914+11:00
1,clickButton_B5_Web,2024-06-08 09:18:30.710914+11:00
1,insertBoolValue_Australian_Web,2024-06-08 09:18:34.547914+11:00
1,clickButton_Button6_Web,2024-06-08 09:18:34.548914+11:00
1,openFile_Excel_Sheet1_data_xls,2024-06-08 09:18:37.858914+11:00
1,copy_B_Excel_Special_code,2024-06-08 09:18:46.236914+11:00
1,paste_Special_code_Web,2024-06-08 09:18:49.798914+11:00
1,paste_Country_Web,2024-06-08 09:18:53.387914+11:00
1,goToUrl_www_webpage_com_Web,2024-06-08 09:18:55.352914+11:00
1,clickButton_Button9_Web,2024-06-08 09:19:05.720914+11:00
1,clickButton_OK_Web,2024-06-08 09:19:07.484914+11:00
1,clickButton_OK_Web,2024-06-08 09:19:08.484914+11:00
1,insertValue_name_Web,2024-06-08 09:19:09.484914+11:00
1,insertValue_surname_Web,2024-06-08 09:19:11.771914+11:00
1,insertValue_age_Web,2024-06-08 09:19:21.427914+11:00
1,insertValue_type_Web,2024-06-08 09:19:26.166914+11:00
1,clickButton_confirm_Web,2024-06-08 09:19:33.244914+11:00
1,clickButton_B5_Web,2024-06-08 09:19:36.535914+11:00
1,insertBoolValue_Australian_Web,2024-06-08 09:19:38.405914+11:00
1,openFile_Excel_Sheet1_data_xls,2024-06-08 09:19:39.405914+11:00
1,goToUrl_www_webpage_com_Web,2024-06-08 09:19:46.603914+11:00
1,insertValue_username_Web,2024-06-08 09:19:56.649914+11:00
1,insertValue_password_Web,2024-06-08 09:20:03.345914+11:00
1,clickButton_confirm_Web,2024-06-08 09:20:08.487914+11:00
1,waitResponse_www_webpage_com_ok_Web,2024-06-08 09:20:09.633914+11:00
1,clickButton_Button1_Web,2024-06-08 09:20:14.794914+11:00
1,clickButton_B2_Web,2024-06-08 09:20:19.652914+11:00
1,insertValue_ID_Web,2024-06-08 09:20:22.682914+11:00
1,copy_B_Excel_Special_code,2024-06-08 09:20:26.854914+11:00
1,paste_Special_code_Web,2024-06-08 09:20:31.727914+11:00
1,copy_B_Excel_Area,2024-06-08 09:20:34.209914+11:00
1,paste_Area_Web,2024-06-08 09:20:38.112914+11:00
1,clickButton_OK_Web,2024-06-08 09:20:41.711914+11:00
1,clickButton_Button6_Web,2024-06-08 09:20:42.711914+11:00
1,openFile_Excel_Sheet1_data_xls,2024-06-08 09:20:45.364914+11:00
1,copy_B_Excel_Special_code,2024-06-08 09:20:52.350914+11:00
1,paste_Special_code_Web,2024-06-08 09:20:55.966914+11:00
1,paste_Country_Web,2024-06-08 09:21:00.184914+11:00
1,goToUrl_www_webpage_com_Web,2024-06-08 09:21:02.761914+11:00
1,clickButton_Button9_Web,2024-06-08 09:21:16.918914+11:00
1,clickButton_OK_Web,2024-06-08 09:21:19.421914+11:00
1,openFile_Excel_Sheet1_data_xls,2024-06-08 09:21:20.421914+11:00
1,goToUrl_www_webpage_com_Web,2024-06-08 09:21:23.160914+11:00
1,insertValue_name_Web,2024-06-08 09:21:24.160914+11:00
1,insertValue_surname_Web,2024-06-08 09:21:28.585914+11:00
1,insertValue_age_Web,2024-06-08 09:21:31.833914+11:00
1,insertValue_type_Web,2024-06-08 09:21:41.091914+11:00
1,clickButton_confirm_Web,2024-06-08 09:21:57.951914+11:00
1,clickButton_B5_Web,2024-06-08 09:22:00.727914+11:00
1,insertBoolValue_Australian_Web,2024-06-08 09:22:02.799914+11:00
1,clickButton_Button6_Web,2024-06-08 09:22:12.114914+11:00
1,openFile_Excel_Sheet1_data_xls,2024-06-08 09:22:17.467914+11:00
1,copy_B_Excel_Special_code,2024-06-08 09:22:18.282914+11:00
1,paste_Special_code_Web,2024-06-08 09:22:23.561914+11:00
1,paste_Country_Web,2024-06-08 09:22:26.566914+11:00
1,goToUrl_www_webpage_com_Web,2024-06-08 09:22:29.478914+11:00
1,clickButton_Button9_Web,2024-06-08 09:22:37.582914+11:00
1,clickButton_OK_Web,2024-06-08 09:22:40.193914+11:00
1,insertValue_username_Web,2024-06-08 09:22:41.193914+11:00
1,insertValue_password_Web,2024-06-08 09:22:55.928914+11:00
1,clickButton_confirm_Web,2024-06-08 09:23:04.034914+11:00
1,waitResponse_www_webpage_com_ok_Web,2024-06-08 09:23:06.178914+11:00
1,clickButton_Button1_Web,2024-06-08 09:23:06.179914+11:00
1,clickButton_B2_Web,2024-06-08 09:23:09.093914+11:00
1,insertValue_ID_Web,2024-06-08 09:23:12.848914+11:00
1,copy_B_Excel_Special_code,2024-06-08 09:23:15.403914+11:00
1,paste_Special_code_Web,2024-06-08 09:23:19.135914+11:00
1,copy_B_Excel_Area,2024-06-08 09:23:22.434914+11:00
1,paste_Area_Web,2024-06-08 09:23:27.859914+11:00
1,clickButton_OK_Web,2024-06-08 09:23:30.460914+11:00
1,insertValue_name_Web,2024-06-08 09:23:31.460914+11:00
1,insertValue_surname_Web,2024-06-08 09:23:31.461914+11:00
1,insertValue_age_Web,2024-06-08 09:23:41.427914+11:00
1,insertValue_type_Web,2024-06-08 09:23:45.880914+11:00
1,clickButton_confirm_Web,2024-06-08 09:23:56.643914+11:00
1,clickButton_B5_Web,2024-06-08 09:23:58.444914+11:00
1,insertBoolValue_Australian_Web,2024-06-08 09:24:00.383914+11:00
1,openFile_Excel_Sheet1_data_xls,2024-06-08 09:24:01.383914+11:00
1,goToUrl_www_webpage_com_Web,2024-06-08 09:24:04.181914+11:00
1,insertValue_username_Web,2024-06-08 09:24:07.220914+11:00
1,insertValue_password_Web,2024-06-08 09:24:12.374914+11:00
1,clickButton_confirm_Web,2024-06-08 09:24:20.719914+11:00
1,waitResponse_www_webpage_com_ok_Web,2024-06-08 09:24:22.986914+11:00
1,clickButton_Button1_Web,2024-06-08 09:24:33.130914+11:00
1,clickButton_B2_Web,2024-06-08 09:24:35.764914+11:00
1,insertValue_ID_Web,2024-06-08 09:24:38.962914+11:00
1,copy_B_Excel_Special_code,2024-06-08 09:24:41.907914+11:00
1,paste_Special_code_Web,2024-06-08 09:24:45.411914+11:00
1,copy_B_Excel_Area,2024-06-08 09:24:47.028914+11:00
1,paste_Area_Web,2024-06-08 09:24:50.267914+11:00
1,clickButton_OK_Web,2024-06-08 09:24:53.292914+11:00
1,clickButton_Button6_Web,2024-06-08 09:24:54.292914+11:00
1,openFile_Excel_Sheet1_data_xls,2024-06-08 09:24:58.488914+11:00
1,copy_B_Excel_Special_code,2024-06-08 09:25:06.573914+11:00
1,paste_Special_code_Web,2024-06-08 09:25:09.471914+11:00
1,paste_Country_Web,2024-06-08 09:25:12.918914+11:00
1,goToUrl_www_webpage_com_Web,2024-06-08 09:25:17.311914+11:00
1,clickButton_Button9_Web,2024-06-08 09:25:22.220914+11:00
1,clickButton_OK_Web,2024-06-08 09:25:25.089914+11:00
1,openFile_Excel_Sheet1_data_xls,2024-06-08 09:25:26.089914+11:00
1,goToUrl_www_webpage_com_Web,2024-06-08 09:25:31.527914+11:00
1,insertValue_username_Web,2024-06-08 09:25:32.192914+11:00
1,insertValue_password_Web,2024-06-08 09:25:42.553914+11:00
1,insertValue_name_Web,2024-06-08 09:25:43.553914+11:00
1,insertValue_surname_Web,2024-06-08 09:25:52.723914+11:00
1,insertValue_age_Web,2024-06-08 09:25:59.893914+11:00
1,insertValue_type_Web,2024-06-08 09:26:03.279914+11:00
1,clickButton_confirm_Web,2024-06-08 09:26:12.471914+11:00
1,clickButton_B5_Web,2024-06-08 09:26:16.913914+11:00
1,insertBoolValue_Australian_Web,2024-06-08 09:26:20.678914+11:00
1,clickButton_Button6_Web,2024-06-08 09:26:26.044914+11:00
1,openFile_Excel_Sheet1_data_xls,2024-06-08 09:26:29.647914+11:00
1,copy_B_Excel_Special_code,2024-06-08 09:26:34.120914+11:00
1,paste_Special_code_Web,2024-06-08 09:26:35.793914+11:00
1,paste_Country_Web,2024-06-08 09:26:39.160914+11:00
1,goToUrl_www_webpage_com_Web,2024-06-08 09:26:41.861914+11:00
1,clickButton_Button9_Web,2024-06-08 09:26:59.724914+11:00
1,clickButton_OK_Web,2024-06-08 09:27:02.271914+11:00
1,clickButton_confirm_Web,2024-06-08 09:27:03.271914+11:00
1,waitResponse_www_webpage_com_ok_Web,2024-06-08 09:27:06.906914+11:00
1,clickButton_Button1_Web,2024-06-08 09:27:06.907914+11:00
1,clickButton_B2_Web,2024-06-08 09:27:10.402914+11:00
1,insertValue_ID_Web,2024-06-08 09:27:14.495914+11:00
1,copy_B_Excel_Special_code,2024-06-08 09:27:18.287914+11:00
1,paste_Special_code_Web,2024-06-08 09:27:21.472914+11:00
1,copy_B_Excel_Area,2024-06-08 09:27:24.410914+11:00
1,paste_Area_Web,2024-06-08 09:27:26.446914+11:00
1,clickButton_OK_Web,2024-06-08 09:27:27.435914+11:00
1,insertValue_name_Web,2024-06-08 09:27:28.435914+11:00
1,insertValue_surname_Web,2024-06-08 09:27:33.704914+11:00
1,insertValue_age_Web,2024-06-08 09:27:36.814914+11:00
1,insertValue_type_Web,2024-06-08 09:27:48.216914+11:00
1,clickButton_confirm_Web,2024-06-08 09:28:04.824914+11:00
1,clickButton_B5_Web,2024-06-08 09:28:10.644914+11:00
1,insertBoolValue_Australian_Web,2024-06-08 09:28:14.202914+11:00
1,clickButton_Button6_Web,2024-06-08 09:28:22.262914+11:00
1,openFile_Excel_Sheet1_data_xls,2024-06-08 09:28:25.252914+11:00
1,copy_B_Excel_Special_code,2024-06-08 09:28:35.260914+11:00
1,openFile_Excel_Sheet1_data_xls,2024-06-08 09:28:36.260914+11:00
1,goToUrl_www_webpage_com_Web,2024-06-08 09:28:41.936914+11:00
1,insertValue_username_Web,2024-06-08 09:28:48.902914+11:00
1,insertValue_password_Web,2024-06-08 09:28:58.880914+11:00
1,clickButton_confirm_Web,2024-06-08 09:29:06.122914+11:00
1,waitResponse_www_webpage_com_ok_Web,2024-06-08 09:29:09.184914+11:00
1,clickButton_Button1_Web,2024-06-08 09:29:11.138914+11:00
1,clickButton_B2_Web,2024-06-08 09:29:14.356914+11:00
1,insertValue_ID_Web,2024-06-08 09:29:20.299914+11:00
1,copy_B_Excel_Special_code,2024-06-08 09:29:21.641914+11:00
1,paste_Special_code_Web,2024-06-08 09:29:25.216914+11:00
1,copy_B_Excel_Area,2024-06-08 09:29:26.414914+11:00
1,paste_Area_Web,2024-06-08 09:29:27.792914+11:00
1,clickButton_OK_Web,2024-06-08 09:29:29.612914+11:00
1,paste_Special_code_Web,2024-06-08 09:29:30.612914+11:00
1,paste_Country_Web,2024-06-08 09:29:32.432914+11:00
1,goToUrl_www_webpage_com_Web,2024-06-08 09:29:36.193914+11:00
1,clickButton_Button9_Web,2024-06-08 09:29:43.005914+11:00
1,clickButton_OK_Web,2024-06-08 09:29:46.168914+11:00
1,insertValue_name_Web,2024-06-08 09:29:47.168914+11:00
1,insertValue_surname_Web,2024-06-08 09:29:56.095914+11:00
1,insertValue_age_Web,2024-06-08 09:30:02.060914+11:00
1,openFile_Excel_Sheet1_data_xls,2024-06-08 09:30:03.060914+11:00
1,goToUrl_www_webpage_com_Web,2024-06-08 09:30:03.061914+11:00
1,insertValue_username_Web,2024-06-08 09:30:03.062914+11:00
1,insertValue_password_Web,2024-06-08 09:30:20.834914+11:00
1,clickButton_confirm_Web,2024-06-08 09:30:31.029914+11:00
1,waitResponse_www_webpage_com_ok_Web,2024-06-08 09:30:33.859914+11:00
1,clickButton_Button1_Web,2024-06-08 09:30:44.597914+11:00
1,clickButton_B2_Web,2024-06-08 09:30:48.440914+11:00
1,insertValue_ID_Web,2024-06-08 09:30:50.407914+11:00
1,copy_B_Excel_Special_code,2024-06-08 09:30:54.680914+11:00
1,paste_Special_code_Web,2024-06-08 09:30:57.433914+11:00
1,copy_B_Excel_Area,2024-06-08 09:31:00.013914+11:00
1,paste_Area_Web,2024-06-08 09:31:03.985914+11:00
1,clickButton_OK_Web,2024-06-08 09:31:07.096914+11:00
1,insertValue_type_Web,2024-06-08 09:31:08.096914+11:00
1,clickButton_confirm_Web,2024-06-08 09:31:15.639914+11:00
1,clickButton_B5_Web,2024-06-08 09:31:19.091914+11:00
1,insertBoolValue_Australian_Web,2024-06-08 09:31:21.928914+11:00
1,clickButton_Button6_Web,2024-06-08 09:31:26.732914+11:00
1,openFile_Excel_Sheet1_data_xls,2024-06-08 09:31:31.059914+11:00
1,copy_B_Excel_Special_code,2024-06-08 09:31:49.541914+11:00
1,paste_Special_code_Web,2024-06-08 09:31:51.331914+11:00
1,paste_Country_Web,2024-06-08 09:31:54.735914+11:00
1,goToUrl_www_webpage_com_Web,2024-06-08 09:31:58.937914+11:00
1,clickButton_Button9_Web,2024-06-08 09:32:10.253914+11:00
1,clickButton_OK_Web,2024-06-08 09:32:13.000914+11:00
1,insertValue_name_Web,2024-06-08 09:32:14.000914+11:00
1,insertValue_surname_Web,2024-06-08 09:32:20.972914+11:00
1,insertValue_age_Web,2024-06-08 09:32:36.640914+11:00
1,openFile_Excel_Sheet1_data_xls,2024-06-08 09:32:37.640914+11:00
1,goToUrl_www_webpage_com_Web,2024-06-08 09:32:45.884914+11:00
1,insertValue_username_Web,2024-06-08 09:32:54.468914+11:00
1,insertValue_password_Web,2024-06-08 09:32:59.379914+11:00
1,clickButton_confirm_Web,2024-06-08 09:33:11.684914+11:00
1,waitResponse_www_webpage_com_ok_Web,2024-06-08 09:33:14.275914+11:00
1,clickButton_Button1_Web,2024-06-08 09:33:23.606914+11:00
1,clickButton_B2_Web,2024-06-08 09:33:28.374914+11:00
1,insertValue_ID_Web,2024-06-08 09:33:31.186914+11:00
1,copy_B_Excel_Special_code,2024-06-08 09:33:34.279914+11:00
1,paste_Special_code_Web,2024-06-08 09:33:36.368914+11:00
1,copy_B_Excel_Area,2024-06-08 09:33:39.489914+11:00
1,paste_Area_Web,2024-06-08 09:33:43.385914+11:00
1,clickButton_OK_Web,2024-06-08 09:33:46.807914+11:00
1,insertValue_type_Web,2024-06-08 09:33:47.807914+11:00
1,clickButton_confirm_Web,2024-06-08 09:34:00.965914+11:00
1,clickButton_B5_Web,2024-06-08 09:34:04.416914+11:00
1,insertBoolValue_Australian_Web,2024-06-08 09:34:06.165914+11:00
1,clickButton_Button6_Web,2024-06-08 09:34:17.109914+11:00
1,openFile_Excel_Sheet1_data_xls,2024-06-08 09:34:19.954914+11:00
1,copy_B_Excel_Special_code,2024-06-08 09:34:21.730914+11:00
1,paste_Special_code_Web,2024-06-08 09:34:25.012914+11:00
1,paste_Country_Web,2024-06-08 09:34:28.429914+11:00
1,goToUrl_www_webpage_com_Web,2024-06-08 09:34:31.264914+11:00
1,clickButton_Button9_Web,2024-06-08 09:34:31.265914+11:00
1,clickButton_OK_Web,2024-06-08 09:34:33.561914+11:00
1,insertValue_name_Web,2024-06-08 09:34:34.561914+11:00
1,insertValue_surname_Web,2024-06-08 09:34:46.392914+11:00
1,insertValue_age_Web,2024-06-08 09:34:46.734914+11:00
1,openFile_Excel_Sheet1_data_xls,2024-06-08 09:34:47.734914+11:00
1,goToUrl_www_webpage_com_Web,2024-06-08 09:34:50.949914+11:00
1,insertValue_username_Web,2024-06-08 09:34:55.322914+11:00
1,insertValue_password_Web,2024-06-08 09:34:55.391914+11:00
1,clickButton_confirm_Web,2024-06-08 09:35:05.224914+11:00
1,waitResponse_www_webpage_com_ok_Web,2024-06-08 09:35:08.722914+11:00
1,clickButton_Button1_Web,2024-06-08 09:35:20.701914+11:00
1,clickButton_B2_Web,2024-06-08 09:35:23.312914+11:00
1,insertValue_ID_Web,2024-06-08 09:35:24.143914+11:00
1,copy_B_Excel_Special_code,2024-06-08 09:35:26.445914+11:00
1,paste_Special_code_Web,2024-06-08 09:35:27.188914+11:00
1,copy_B_Excel_Area,2024-06-08 09:35:29.910914+11:00
1,paste_Area_Web,2024-06-08 09:35:32.651914+11:00
1,clickButton_OK_Web,2024-06-08 09:35:37.054914+11:00
1,insertValue_type_Web,2024-06-08 09:35:38.054914+11:00
1,clickButton_confirm_Web,2024-06-08 09:35:44.983914+11:00
1,clickButton_B5_Web,2024-06-08 09:35:48.876914+11:00
1,insertBoolValue_Australian_Web,2024-06-08 09:35:52.854914+11:00
1,clickButton_Button6_Web,2024-06-08 09:35:55.140914+11:00
1,openFile_Excel_Sheet1_data_xls,2024-06-08 09:35:58.084914+11:00
1,copy_B_Excel_Special_code,2024-06-08 09:35:58.085914+11:00
1,paste_Special_code_Web,2024-06-08 09:36:01.921914+11:00
1,paste_Country_Web,2024-06-08 09:36:04.592914+11:00
1,goToUrl_www_webpage_com_Web,2024-06-08 09:36:05.944914+11:00
1,clickButton_Button9_Web,2024-06-08 09:36:14.681914+11:00
1,clickButton_OK_Web,2024-06-08 09:36:17.482914+11:00
1,openFile_Excel_Sheet1_data_xls,2024-06-08 09:36:18.482914+11:00
1,goToUrl_www_webpage_com_Web,2024-06-08 09:36:24.226914+11:00
1,insertValue_username_Web,2024-06-08 09:36:36.014914+11:00
1,insertValue_password_Web,2024-06-08 09:36:43.079914+11:00
1,clickButton_confirm_Web,2024-06-08 09:36:53.935914+11:00
1,waitResponse_www_webpage_com_ok_Web,2024-06-08 09:36:58.200914+11:00
1,clickButton_Button1_Web,2024-06-08 09:37:09.403914+11:00
1,clickButton_B2_Web,2024-06-08 09:37:14.778914+11:00
1,insertValue_ID_Web,2024-06-08 09:37:15.419914+11:00
1,copy_B_Excel_Special_code,2024-06-08 09:37:17.942914+11:00
1,paste_Special_code_Web,2024-06-08 09:37:21.641914+11:00
1,copy_B_Excel_Area,2024-06-08 09:37:24.705914+11:00
1,insertValue_name_Web,2024-06-08 09:37:25.705914+11:00
1,insertValue_surname_Web,2024-06-08 09:37:27.004914+11:00
1,insertValue_age_Web,2024-06-08 09:37:34.035914+11:00
1,insertValue_type_Web,2024-06-08 09:37:39.418914+11:00
1,clickButton_confirm_Web,2024-06-08 09:37:45.001914+11:00
1,clickButton_B5_Web,2024-06-08 09:37:49.758914+11:00
1,insertBoolValue_Australian_Web,2024-06-08 09:37:52.666914+11:00
1,clickButton_Button6_Web,2024-06-08 09:38:00.064914+11:00
1,openFile_Excel_Sheet1_data_xls,2024-06-08 09:38:02.037914+11:00
1,copy_B_Excel_Special_code,2024-06-08 09:38:08.752914+11:00
1,paste_Special_code_Web,2024-06-08 09:38:12.344914+11:00
1,paste_Country_Web,2024-06-08 09:38:12.816914+11:00
1,goToUrl_www_webpage_com_Web,2024-06-08 09:38:15.844914+11:00
1,clickButton_Button9_Web,2024-06-08 09:38:25.910914+11:00
1,clickButton_OK_Web,2024-06-08 09:38:29.030914+11:00
1,paste_Area_Web,2024-06-08 09:38:30.030914+11:00
1,clickButton_OK_Web,2024-06-08 09:38:33.313914+11:00
1,openFile_Excel_Sheet1_data_xls,2024-06-08 09:38:34.313914+11:00
1,goToUrl_www_webpage_com_Web,2024-06-08 09:38:44.185914+11:00
1,insertValue_name_Web,2024-06-08 09:38:45.185914+11:00
1,insertValue_surname_Web,2024-06-08 09:38:53.475914+11:00
1,insertValue_age_Web,2024-06-08 09:39:01.095914+11:00
1,insertValue_type_Web,2024-06-08 09:39:05.887914+11:00
1,clickButton_confirm_Web,2024-06-08 09:39:16.654914+11:00
1,clickButton_B5_Web,2024-06-08 09:39:19.836914+11:00
1,insertBoolValue_Australian_Web,2024-06-08 09:39:22.553914+11:00
1,clickButton_Button6_Web,2024-06-08 09:39:46.301914+11:00
1,openFile_Excel_Sheet1_data_xls,2024-06-08 09:39:50.041914+11:00
1,copy_B_Excel_Special_code,2024-06-08 09:39:57.695914+11:00
1,paste_Special_code_Web,2024-06-08 09:40:02.612914+11:00
1,paste_Country_Web,2024-06-08 09:40:04.498914+11:00
1,goToUrl_www_webpage_com_Web,2024-06-08 09:40:09.268914+11:00
1,clickButton_Button9_Web,2024-06-08 09:40:22.420914+11:00
1,clickButton_OK_Web,2024-06-08 09:40:26.563914+11:00
1,insertValue_username_Web,2024-06-08 09:40:27.563914+11:00
1,insertValue_password_Web,2024-06-08 09:40:32.401914+11:00
1,clickButton_confirm_Web,2024-06-08 09:40:50.661914+11:00
1,waitResponse_www_webpage_com_ok_Web,2024-06-08 09:40:52.691914+11:00
1,clickButton_Button1_Web,2024-06-08 09:41:07.019914+11:00
1,clickButton_B2_Web,2024-06-08 09:41:09.655914+11:00
1,insertValue_ID_Web,2024-06-08 09:41:12.159914+11:00
1,copy_B_Excel_Special_code,2024-06-08 09:41:17.068914+11:00
1,paste_Special_code_Web,2024-06-08 09:41:20.567914+11:00
1,copy_B_Excel_Area,2024-06-08 09:41:24.410914+11:00
1,paste_Area_Web,2024-06-08 09:41:25.987914+11:00
1,clickButton_OK_Web,2024-06-08 09:41:27.325914+11:00
1,insertValue_name_Web,2024-06-08 09:41:28.325914+11:00
1,insertValue_surname_Web,2024-06-08 09:41:35.220914+11:00
1,insertValue_age_Web,2024-06-08 09:41:43.955914+11:00
1,insertValue_type_Web,2024-06-08 09:41:56.043914+11:00
1,clickButton_confirm_Web,2024-06-08 09:42:02.747914+11:00
1,clickButton_B5_Web,2024-06-08 09:42:06.896914+11:00
1,openFile_Excel_Sheet1_data_xls,2024-06-08 09:42:07.896914+11:00
1,goToUrl_www_webpage_com_Web,2024-06-08 09:42:13.370914+11:00
1,insertValue_username_Web,2024-06-08 09:42:18.369914+11:00
1,insertValue_password_Web,2024-06-08 09:42:30.863914+11:00
1,clickButton_confirm_Web,2024-06-08 09:42:39.082914+11:00
1,waitResponse_www_webpage_com_ok_Web,2024-06-08 09:42:42.338914+11:00
1,clickButton_Button1_Web,2024-06-08 09:42:47.682914+11:00
1,clickButton_B2_Web,2024-06-08 09:42:51.001914+11:00
1,insertValue_ID_Web,2024-06-08 09:42:54.741914+11:00
1,copy_B_Excel_Special_code,2024-06-08 09:42:57.448914+11:00
1,paste_Special_code_Web,2024-06-08 09:43:00.675914+11:00
1,copy_B_Excel_Area,2024-06-08 09:43:03.821914+11:00
1,paste_Area_Web,2024-06-08 09:43:06.327914+11:00
1,clickButton_OK_Web,2024-06-08 09:43:09.384914+11:00
1,insertBoolValue_Australian_Web,2024-06-08 09:43:10.384914+11:00
1,clickButton_Button6_Web,2024-06-08 09:43:30.459914+11:00
1,openFile_Excel_Sheet1_data_xls,2024-06-08 09:43:34.073914+11:00
1,copy_B_Excel_Special_code,2024-06-08 09:43:51.094914+11:00
1,paste_Special_code_Web,2024-06-08 09:43:55.314914+11:00
1,paste_Country_Web,2024-06-08 09:43:57.934914+11:00
1,goToUrl_www_webpage_com_Web,2024-06-08 09:44:01.488914+11:00
1,clickButton_Button9_Web,2024-06-08 09:44:11.353914+11:00
1,clickButton_OK_Web,2024-06-08 09:44:12.088914+11:00
1,openFile_Excel_Sheet1_data_xls,2024-06-08 09:44:13.088914+11:00
1,goToUrl_www_webpage_com_Web,2024-06-08 09:44:26.401914+11:00
1,insertValue_username_Web,2024-06-08 09:44:31.830914+11:00
1,insertValue_password_Web,2024-06-08 09:44:40.457914+11:00
1,clickButton_confirm_Web,2024-06-08 09:44:43.725914+11:00
1,waitResponse_www_webpage_com_ok_Web,2024-06-08 09:44:46.744914+11:00
1,clickButton_Button1_Web,2024-06-08 09:44:54.575914+11:00
1,clickButton_B2_Web,2024-06-08 09:44:57.677914+11:00
1,insertValue_ID_Web,2024-06-08 09:45:01.321914+11:00
1,copy_B_Excel_Special_code,2024-06-08 09:45:03.317914+11:00
1,insertValue_name_Web,2024-06-08 09:45:04.317914+11:00
1,insertValue_surname_Web,2024-06-08 09:45:11.191914+11:00
1,insertValue_age_Web,2024-06-08 09:45:20.748914+11:00
1,insertValue_type_Web,2024-06-08 09:45:32.820914+11:00
1,clickButton_confirm_Web,2024-06-08 09:45:43.789914+11:00
1,clickButton_B5_Web,2024-06-08 09:45:48.099914+11:00
1,insertBoolValue_Australian_Web,2024-06-08 09:45:50.962914+11:00
1,clickButton_Button6_Web,2024-06-08 09:46:03.107914+11:00
1,openFile_Excel_Sheet1_data_xls,2024-06-08 09:46:05.376914+11:00
1,copy_B_Excel_Special_code,2024-06-08 09:46:14.258914+11:00
1,paste_Special_code_Web,2024-06-08 09:46:18.036914+11:00
1,paste_Country_Web,2024-06-08 09:46:21.837914+11:00
1,goToUrl_www_webpage_com_Web,2024-06-08 09:46:25.243914+11:00
1,clickButton_Button9_Web,2024-06-08 09:46:33.981914+11:00
1,clickButton_OK_Web,2024-06-08 09:46:37.296914+11:00
1,paste_Special_code_Web,2024-06-08 09:46:38.296914+11:00
1,copy_B_Excel_Area,2024-06-08 09:46:38.921914+11:00
1,paste_Area_Web,2024-06-08 09:46:41.436914+11:00
1,clickButton_OK_Web,2024-06-08 09:46:44.800914+11:00
1,openFile_Excel_Sheet1_data_xls,2024-06-08 09:46:45.800914+11:00
1,goToUrl_www_webpage_com_Web,2024-06-08 09:46:57.340914+11:00
1,insertValue_username_Web,2024-06-08 09:47:06.024914+11:00
1,insertValue_password_Web,2024-06-08 09:47:18.685914+11:00
1,clickButton_confirm_Web,2024-06-08 09:47:36.357914+11:00
1,waitResponse_www_webpage_com_ok_Web,2024-06-08 09:47:39.126914+11:00
1,clickButton_Button1_Web,2024-06-08 09:47:42.764914+11:00
1,clickButton_B2_Web,2024-06-08 09:47:46.075914+11:00
1,insertValue_name_Web,2024-06-08 09:47:47.075914+11:00
1,insertValue_surname_Web,2024-06-08 09:47:53.239914+11:00
1,insertValue_age_Web,2024-06-08 09:47:55.261914+11:00
1,insertValue_type_Web,2024-06-08 09:48:03.865914+11:00
1,clickButton_confirm_Web,2024-06-08 09:48:09.951914+11:00
1,clickButton_B5_Web,2024-06-08 09:48:11.954914+11:00
1,insertBoolValue_Australian_Web,2024-06-08 09:48:16.004914+11:00
1,clickButton_Button6_Web,2024-06-08 09:48:25.823914+11:00
1,openFile_Excel_Sheet1_data_xls,2024-06-08 09:48:28.090914+11:00
1,copy_B_Excel_Special_code,2024-06-08 09:48:28.866914+11:00
1,paste_Special_code_Web,2024-06-08 09:48:30.333914+11:00
1,paste_Country_Web,2024-06-08 09:48:33.298914+11:00
1,goToUrl_www_webpage_com_Web,2024-06-08 09:48:37.099914+11:00
1,clickButton_Button9_Web,2024-06-08 09:48:48.461914+11:00
1,clickButton_OK_Web,2024-06-08 09:48:52.058914+11:00
1,insertValue_ID_Web,2024-06-08 09:48:53.058914+11:00
1,copy_B_Excel_Special_code,2024-06-08 09:48:55.832914+11:00
1,paste_Special_code_Web,2024-06-08 09:48:58.066914+11:00
1,copy_B_Excel_Area,2024-06-08 09:49:01.465914+11:00
1,paste_Area_Web,2024-06-08 09:49:04.530914+11:00
1,clickButton_OK_Web,2024-06-08 09:49:06.423914+11:00
1,openFile_Excel_Sheet1_data_xls,2024-06-08 09:49:07.423914+11:00
1,goToUrl_www_webpage_com_Web,2024-06-08 09:49:14.445914+11:00
1,insertValue_username_Web,2024-06-08 09:49:15.610914+11:00
1,insertValue_password_Web,2024-06-08 09:49:24.144914+11:00
1,clickButton_confirm_Web,2024-06-08 09:49:32.351914+11:00
1,waitResponse_www_webpage_com_ok_Web,2024-06-08 09:49:33.374914+11:00
1,insertValue_name_Web,2024-06-08 09:49:34.374914+11:00
1,insertValue_surname_Web,2024-06-08 09:49:42.057914+11:00
1,insertValue_age_Web,2024-06-08 09:49:54.426914+11:00
1,insertValue_type_Web,2024-06-08 09:49:55.128914+11:00
1,clickButton_confirm_Web,2024-06-08 09:50:04.994914+11:00
1,clickButton_B5_Web,2024-06-08 09:50:09.311914+11:00
1,insertBoolValue_Australian_Web,2024-06-08 09:50:10.297914+11:00
1,clickButton_Button6_Web,2024-06-08 09:50:17.130914+11:00
1,openFile_Excel_Sheet1_data_xls,2024-06-08 09:50:20.025914+11:00
1,copy_B_Excel_Special_code,2024-06-08 09:50:20.026914+11:00
1,paste_Special_code_Web,2024-06-08 09:50:23.910914+11:00
1,paste_Country_Web,2024-06-08 09:50:27.749914+11:00
1,goToUrl_www_webpage_com_Web,2024-06-08 09:50:30.694914+11:00
1,clickButton_Button9_Web,2024-06-08 09:50:40.654914+11:00
1,clickButton_OK_Web,2024-06-08 09:50:42.423914+11:00
1,clickButton_Button1_Web,2024-06-08 09:50:43.423914+11:00
1,clickButton_B2_Web,2024-06-08 09:50:48.953914+11:00
1,insertValue_ID_Web,2024-06-08 09:50:50.801914+11:00
1,copy_B_Excel_Special_code,2024-06-08 09:50:54.110914+11:00
1,paste_Special_code_Web,2024-06-08 09:50:56.986914+11:00
1,copy_B_Excel_Area,2024-06-08 09:50:59.904914+11:00
1,paste_Area_Web,2024-06-08 09:51:02.386914+11:00
1,clickButton_OK_Web,2024-06-08 09:51:06.635914+11:00
1,openFile_Excel_Sheet1_data_xls,2024-06-08 09:51:07.635914+11:00
1,goToUrl_www_webpage_com_Web,2024-06-08 09:51:22.821914+11:00
1,insertValue_username_Web,2024-06-08 09:51:31.984914+11:00
1,insertValue_password_Web,2024-06-08 09:51:42.399914+11:00
1,clickButton_confirm_Web,2024-06-08 09:51:42.400914+11:00
1,waitResponse_www_webpage_com_ok_Web,2024-06-08 09:51:45.365914+11:00
1,clickButton_Button1_Web,2024-06-08 09:51:48.524914+11:00
1,clickButton_B2_Web,2024-06-08 09:51:50.551914+11:00
1,insertValue_ID_Web,2024-06-08 09:51:52.823914+11:00
1,insertValue_name_Web,2024-06-08 09:51:53.823914+11:00
1,insertValue_surname_Web,2024-06-08 09:52:04.866914+11:00
1,insertValue_age_Web,2024-06-08 09:52:17.307914+11:00
1,insertValue_type_Web,2024-06-08 09:52:25.982914+11:00
1,clickButton_confirm_Web,2024-06-08 09:52:36.428914+11:00
1,clickButton_B5_Web,2024-06-08 09:52:38.502914+11:00
1,insertBoolValue_Australian_Web,2024-06-08 09:52:41.400914+11:00
1,clickButton_Button6_Web,2024-06-08 09:52:41.401914+11:00
1,openFile_Excel_Sheet1_data_xls,2024-06-08 09:52:44.927914+11:00
1,copy_B_Excel_Special_code,2024-06-08 09:52:50.920914+11:00
1,paste_Special_code_Web,2024-06-08 09:52:55.334914+11:00
1,paste_Country_Web,2024-06-08 09:52:57.436914+11:00
1,goToUrl_www_webpage_com_Web,2024-06-08 09:53:01.303914+11:00
1,clickButton_Button9_Web,2024-06-08 09:53:08.880914+11:00
1,clickButton_OK_Web,2024-06-08 09:53:11.600914+11:00
1,copy_B_Excel_Special_code,2024-06-08 09:53:12.600914+11:00
1,paste_Special_code_Web,2024-06-08 09:53:16.486914+11:00
1,copy_B_Excel_Area,2024-06-08 09:53:18.183914+11:00
1,paste_Area_Web,2024-06-08 09:53:21.000914+11:00
1,clickButton_OK_Web,2024-06-08 09:53:25.124914+11:00
1,openFile_Excel_Sheet1_data_xls,2024-06-08 09:53:26.124914+11:00
1,goToUrl_www_webpage_com_Web,2024-06-08 09:53:28.221914+11:00
1,insertValue_username_Web,2024-06-08 09:53:44.238914+11:00
1,insertValue_password_Web,2024-06-08 09:53:57.825914+11:00
1,clickButton_confirm_Web,2024-06-08 09:54:19.464914+11:00
1,waitResponse_www_webpage_com_ok_Web,2024-06-08 09:54:22.033914+11:00
1,clickButton_Button1_Web,2024-06-08 09:54:28.565914+11:00
1,clickButton_B2_Web,2024-06-08 09:54:30.561914+11:00
1,insertValue_ID_Web,2024-06-08 09:54:34.463914+11:00
1,copy_B_Excel_Special_code,2024-06-08 09:54:37.969914+11:00
1,paste_Special_code_Web,2024-06-08 09:54:40.644914+11:00
1,copy_B_Excel_Area,2024-06-08 09:54:42.101914+11:00
1,paste_Area_Web,2024-06-08 09:54:46.037914+11:00
1,insertValue_name_Web,2024-06-08 09:54:47.037914+11:00
1,insertValue_surname_Web,2024-06-08 09:54:55.530914+11:00
1,insertValue_age_Web,2024-06-08 09:55:01.959914+11:00
1,insertValue_type_Web,2024-06-08 09:55:08.644914+11:00
1,clickButton_confirm_Web,2024-06-08 09:55:08.645914+11:00
1,clickButton_B5_Web,2024-06-08 09:55:11.478914+11:00
1,insertBoolValue_Australian_Web,2024-06-08 09:55:15.452914+11:00
1,clickButton_Button6_Web,2024-06-08 09:55:36.160914+11:00
1,openFile_Excel_Sheet1_data_xls,2024-06-08 09:55:39.283914+11:00
1,copy_B_Excel_Special_code,2024-06-08 09:55:51.055914+11:00
1,paste_Special_code_Web,2024-06-08 09:55:53.070914+11:00
1,paste_Country_Web,2024-06-08 09:55:56.799914+11:00
1,goToUrl_www_webpage_com_Web,2024-06-08 09:55:58.727914+11:00
1,clickButton_Button9_Web,2024-06-08 09:56:10.321914+11:00
1,clickButton_OK_Web,2024-06-08 09:56:13.849914+11:00
1,clickButton_OK_Web,2024-06-08 09:56:14.849914+11:00
1,openFile_Excel_Sheet1_data_xls,2024-06-08 09:56:15.849914+11:00
1,goToUrl_www_webpage_com_Web,2024-06-08 09:56:17.318914+11:00
1,insertValue_username_Web,2024-06-08 09:56:28.200914+11:00
1,insertValue_password_Web,2024-06-08 09:56:31.594914+11:00
1,clickButton_confirm_Web,2024-06-08 09:56:45.938914+11:00
1,insertValue_name_Web,2024-06-08 09:56:46.938914+11:00
1,insertValue_surname_Web,2024-06-08 09:56:46.939914+11:00
1,insertValue_age_Web,2024-06-08 09:56:53.680914+11:00
1,insertValue_type_Web,2024-06-08 09:56:59.867914+11:00
1,clickButton_confirm_Web,2024-06-08 09:57:09.392914+11:00
1,clickButton_B5_Web,2024-06-08 09:57:12.937914+11:00
1,insertBoolValue_Australian_Web,2024-06-08 09:57:17.373914+11:00
1,clickButton_Button6_Web,2024-06-08 09:57:19.588914+11:00
1,openFile_Excel_Sheet1_data_xls,2024-06-08 09:57:22.409914+11:00
1,copy_B_Excel_Special_code,2024-06-08 09:57:33.227914+11:00
1,paste_Special_code_Web,2024-06-08 09:57:34.428914+11:00
1,paste_Country_Web,2024-06-08 09:57:36.492914+11:00
1,goToUrl_www_webpage_com_Web,2024-06-08 09:57:39.559914+11:00
1,clickButton_Button9_Web,2024-06-08 09:57:42.612914+11:00
1,clickButton_OK_Web,2024-06-08 09:57:45.617914+11:00
1,waitResponse_www_webpage_com_ok_Web,2024-06-08 09:57:46.617914+11:00
1,clickButton_Button1_Web,2024-06-08 09:57:51.947914+11:00
1,clickButton_B2_Web,2024-06-08 09:57:54.952914+11:00
1,insertValue_ID_Web,2024-06-08 09:57:56.092914+11:00
1,copy_B_Excel_Special_code,2024-06-08 09:57:59.091914+11:00
1,paste_Special_code_Web,2024-06-08 09:57:59.866914+11:00
1,copy_B_Excel_Area,2024-06-08 09:58:02.638914+11:00
1,paste_Area_Web,2024-06-08 09:58:05.671914+11:00
1,clickButton_OK_Web,2024-06-08 09:58:09.011914+11:00
1,insertValue_name_Web,2024-06-08 09:58:10.011914+11:00
1,insertValue_surname_Web,2024-06-08 09:58:15.839914+11:00
1,openFile_Excel_Sheet1_data_xls,2024-06-08 09:58:16.839914+11:00
1,goToUrl_www_webpage_com_Web,2024-06-08 09:58:21.706914+11:00
1,insertValue_username_Web,2024-06-08 09:58:21.707914+11:00
1,insertValue_password_Web,2024-06-08 09:58:27.167914+11:00
1,clickButton_confirm_Web,2024-06-08 09:58:35.542914+11:00
1,waitResponse_www_webpage_com_ok_Web,2024-06-08 09:58:40.206914+11:00
1,clickButton_Button1_Web,2024-06-08 09:58:51.172914+11:00
1,clickButton_B2_Web,2024-06-08 09:58:53.032914+11:00
1,insertValue_ID_Web,2024-06-08 09:58:55.512914+11:00
1,copy_B_Excel_Special_code,2024-06-08 09:58:58.696914+11:00
1,paste_Special_code_Web,2024-06-08 09:59:01.413914+11:00
1,copy_B_Excel_Area,2024-06-08 09:59:04.919914+11:00
1,paste_Area_Web,2024-06-08 09:59:09.761914+11:00
1,clickButton_OK_Web,2024-06-08 09:59:11.967914+11:00
1,insertValue_age_Web,2024-06-08 09:59:12.967914+11:00
1,insertValue_type_Web,2024-06-08 09:59:23.777914+11:00
1,clickButton_confirm_Web,2024-06-08 09:59:27.678914+11:00
1,clickButton_B5_Web,2024-06-08 09:59:32.331914+11:00
1,insertBoolValue_Australian_Web,2024-06-08 09:59:34.877914+11:00
1,clickButton_Button6_Web,2024-06-08 09:59:48.388914+11:00
1,openFile_Excel_Sheet1_data_xls,2024-06-08 09:59:51.228914+11:00
1,copy_B_Excel_Special_code,2024-06-08 10:00:08.660914+11:00
1,paste_Special_code_Web,2024-06-08 10:00:11.131914+11:00
1,paste_Country_Web,2024-06-08 10:00:12.648914+11:00
1,goToUrl_www_webpage_com_Web,2024-06-08 10:00:14.155914+11:00
1,clickButton_Button9_Web,2024-06-08 10:00:22.438914+11:00
1,clickButton_OK_Web,2024-06-08 10:00:24.466914+11:00
1,openFile_Excel_Sheet1_data_xls,2024-06-08 10:00:25.466914+11:00
1,goToUrl_www_webpage_com_Web,2024-06-08 10:00:33.557914+11:00
1,insertValue_username_Web,2024-06-08 10:00:40.295914+11:00
1,insertValue_password_Web,2024-06-08 10:00:48.476914+11:00
1,insertValue_name_Web,2024-06-08 10:00:49.476914+11:00
1,insertValue_surname_Web,2024-06-08 10:01:01.841914+11:00
1,insertValue_age_Web,2024-06-08 10:01:15.456914+11:00
1,insertValue_type_Web,2024-06-08 10:01:16.742914+11:00
1,clickButton_confirm_Web,2024-06-08 10:01:24.146914+11:00
1,clickButton_B5_Web,2024-06-08 10:01:27.394914+11:00
1,insertBoolValue_Australian_Web,2024-06-08 10:01:29.419914+11:00
1,clickButton_Button6_Web,2024-06-08 10:01:29.949914+11:00
1,openFile_Excel_Sheet1_data_xls,2024-06-08 10:01:31.951914+11:00
1,copy_B_Excel_Special_code,2024-06-08 10:01:41.575914+11:00
1,paste_Special_code_Web,2024-06-08 10:01:44.851914+11:00
1,paste_Country_Web,2024-06-08 10:01:46.000914+11:00
1,goToUrl_www_webpage_com_Web,2024-06-08 10:01:49.298914+11:00
1,clickButton_Button9_Web,2024-06-08 10:02:06.617914+11:00
1,clickButton_OK_Web,2024-06-08 10:02:09.084914+11:00
1,clickButton_confirm_Web,2024-06-08 10:02:10.084914+11:00
1,waitResponse_www_webpage_com_ok_Web,2024-06-08 10:02:10.303914+11:00
1,clickButton_Button1_Web,2024-06-08 10:02:19.882914+11:00
1,clickButton_B2_Web,2024-06-08 10:02:23.344914+11:00
1,insertValue_ID_Web,2024-06-08 10:02:24.259914+11:00
1,copy_B_Excel_Special_code,2024-06-08 10:02:26.140914+11:00
1,paste_Special_code_Web,2024-06-08 10:02:29.204914+11:00
1,copy_B_Excel_Area,2024-06-08 10:02:31.484914+11:00
1,paste_Area_Web,2024-06-08 10:02:33.791914+11:00
1,clickButton_OK_Web,2024-06-08 10:02:35.173914+11:00
1,openFile_Excel_Sheet1_data_xls,2024-06-08 10:02:36.173914+11:00
1,goToUrl_www_webpage_com_Web,2024-06-08 10:02:38.667914+11:00
1,insertValue_username_Web,2024-06-08 10:02:53.429914+11:00
1,insertValue_password_Web,2024-06-08 10:03:04.028914+11:00
1,clickButton_confirm_Web,2024-06-08 10:03:08.071914+11:00
1,waitResponse_www_webpage_com_ok_Web,2024-06-08 10:03:11.871914+11:00
1,clickButton_Button1_Web,2024-06-08 10:03:22.602914+11:00
1,clickButton_B2_Web,2024-06-08 10:03:25.804914+11:00
1,insertValue_ID_Web,2024-06-08 10:03:28.104914+11:00
1,copy_B_Excel_Special_code,2024-06-08 10:03:30.617914+11:00
1,paste_Special_code_Web,2024-06-08 10:03:33.098914+11:00
1,insertValue_name_Web,2024-06-08 10:03:34.098914+11:00
1,insertValue_surname_Web,2024-06-08 10:03:39.513914+11:00
1,insertValue_age_Web,2024-06-08 10:03:51.262914+11:00
1,insertValue_type_Web,2024-06-08 10:03:52.529914+11:00
1,clickButton_confirm_Web,2024-06-08 10:04:08.337914+11:00
1,clickButton_B5_Web,2024-06-08 10:04:12.638914+11:00
1,insertBoolValue_Australian_Web,2024-06-08 10:04:15.895914+11:00
1,clickButton_Button6_Web,2024-06-08 10:04:24.624914+11:00
1,openFile_Excel_Sheet1_data_xls,2024-06-08 10:04:27.089914+11:00
1,copy_B_Excel_Special_code,2024-06-08 10:04:36.520914+11:00
1,paste_Special_code_Web,2024-06-08 10:04:40.108914+11:00
1,paste_Country_Web,2024-06-08 10:04:43.806914+11:00
1,goToUrl_www_webpage_com_Web,2024-06-08 10:04:45.826914+11:00
1,clickButton_Button9_Web,2024-06-08 10:04:53.970914+11:00
1,clickButton_OK_Web,2024-06-08 10:04:57.069914+11:00
1,copy_B_Excel_Area,2024-06-08 10:04:58.069914+11:00
1,paste_Area_Web,2024-06-08 10:05:01.451914+11:00
1,clickButton_OK_Web,2024-06-08 10:05:04.283914+11:00
1,openFile_Excel_Sheet1_data_xls,2024-06-08 10:05:05.283914+11:00
1,goToUrl_www_webpage_com_Web,2024-06-08 10:05:12.452914+11:00
1,insertValue_username_Web,2024-06-08 10:05:24.744914+11:00
1,insertValue_password_Web,2024-06-08 10:05:25.526914+11:00
1,clickButton_confirm_Web,2024-06-08 10:05:45.997914+11:00
1,waitResponse_www_webpage_com_ok_Web,2024-06-08 10:05:47.664914+11:00
1,clickButton_Button1_Web,2024-06-08 10:05:55.694914+11:00
1,clickButton_B2_Web,2024-06-08 10:05:59.116914+11:00
1,insertValue_ID_Web,2024-06-08 10:06:02.561914+11:00
1,copy_B_Excel_Special_code,2024-06-08 10:06:05.514914+11:00
1,paste_Special_code_Web,2024-06-08 10:06:09.494914+11:00
1,insertValue_name_Web,2024-06-08 10:06:10.494914+11:00
1,insertValue_surname_Web,2024-06-08 10:06:17.564914+11:00
1,insertValue_age_Web,2024-06-08 10:06:31.620914+11:00
1,insertValue_type_Web,2024-06-08 10:06:35.526914+11:00
1,clickButton_confirm_Web,2024-06-08 10:06:40.696914+11:00
1,clickButton_B5_Web,2024-06-08 10:06:42.541914+11:00
1,insertBoolValue_Australian_Web,2024-06-08 10:06:45.702914+11:00
1,clickButton_Button6_Web,2024-06-08 10:06:59.099914+11:00
1,openFile_Excel_Sheet1_data_xls,2024-06-08 10:07:01.540914+11:00
1,copy_B_Excel_Special_code,2024-06-08 10:07:04.585914+11:00
1,paste_Special_code_Web,2024-06-08 10:07:07.300914+11:00
1,paste_Country_Web,2024-06-08 10:07:10.625914+11:00
1,goToUrl_www_webpage_com_Web,2024-06-08 10:07:12.310914+11:00
1,clickButton_Button9_Web,2024-06-08 10:07:16.331914+11:00
1,clickButton_OK_Web,2024-06-08 10:07:19.580914+11:00
1,copy_B_Excel_Area,2024-06-08 10:07:20.580914+11:00
1,paste_Area_Web,2024-06-08 10:07:24.843914+11:00
1,clickButton_OK_Web,2024-06-08 10:07:25.817914+11:00
1,insertValue_name_Web,2024-06-08 10:07:26.817914+11:00
1,insertValue_surname_Web,2024-06-08 10:07:40.777914+11:00
1,insertValue_age_Web,2024-06-08 10:07:41.429914+11:00
1,insertValue_type_Web,2024-06-08 10:07:55.439914+11:00
1,clickButton_confirm_Web,2024-06-08 10:08:08.450914+11:00
1,clickButton_B5_Web,2024-06-08 10:08:09.729914+11:00
1,insertBoolValue_Australian_Web,2024-06-08 10:08:12.349914+11:00
1,clickButton_Button6_Web,2024-06-08 10:08:13.657914+11:00
1,openFile_Excel_Sheet1_data_xls,2024-06-08 10:08:14.657914+11:00
1,goToUrl_www_webpage_com_Web,2024-06-08 10:08:22.329914+11:00
1,insertValue_username_Web,2024-06-08 10:08:38.527914+11:00
1,insertValue_password_Web,2024-06-08 10:08:48.374914+11:00
1,clickButton_confirm_Web,2024-06-08 10:08:54.213914+11:00
1,waitResponse_www_webpage_com_ok_Web,2024-06-08 10:08:57.872914+11:00
1,clickButton_Button1_Web,2024-06-08 10:09:10.518914+11:00
1,clickButton_B2_Web,2024-06-08 10:09:12.913914+11:00
1,insertValue_ID_Web,2024-06-08 10:09:14.071914+11:00
1,copy_B_Excel_Special_code,2024-06-08 10:09:17.478914+11:00
1,paste_Special_code_Web,2024-06-08 10:09:19.459914+11:00
1,copy_B_Excel_Area,2024-06-08 10:09:22.565914+11:00
1,paste_Area_Web,2024-06-08 10:09:25.135914+11:00
1,clickButton_OK_Web,2024-06-08 10:09:27.254914+11:00
1,openFile_Excel_Sheet1_data_xls,2024-06-08 10:09:28.254914+11:00
1,copy_B_Excel_Special_code,2024-06-08 10:09:41.079914+11:00
1,paste_Special_code_Web,2024-06-08 10:09:44.060914+11:00
1,paste_Country_Web,2024-06-08 10:09:46.538914+11:00
1,goToUrl_www_webpage_com_Web,2024-06-08 10:09:48.877914+11:00
1,clickButton_Button9_Web,2024-06-08 10:09:53.901914+11:00
1,clickButton_OK_Web,2024-06-08 10:09:57.868914+11:00
1,openFile_Excel_Sheet1_data_xls,2024-06-08 10:09:58.868914+11:00
1,goToUrl_www_webpage_com_Web,2024-06-08 10:10:12.727914+11:00
1,insertValue_username_Web,2024-06-08 10:10:25.453914+11:00
1,insertValue_password_Web,2024-06-08 10:10:29.618914+11:00
1,clickButton_confirm_Web,2024-06-08 10:10:38.951914+11:00
1,waitResponse_www_webpage_com_ok_Web,2024-06-08 10:10:40.219914+11:00
1,clickButton_Button1_Web,2024-06-08 10:10:57.014914+11:00
1,clickButton_B2_Web,2024-06-08 10:11:00.400914+11:00
1,insertValue_ID_Web,2024-06-08 10:11:04.139914+11:00
1,copy_B_Excel_Special_code,2024-06-08 10:11:07.088914+11:00
1,paste_Special_code_Web,2024-06-08 10:11:10.829914+11:00
1,copy_B_Excel_Area,2024-06-08 10:11:12.707914+11:00
1,paste_Area_Web,2024-06-08 10:11:14.244914+11:00
1,insertValue_name_Web,2024-06-08 10:11:15.244914+11:00
1,insertValue_surname_Web,2024-06-08 10:11:21.429914+11:00
1,insertValue_age_Web,2024-06-08 10:11:27.653914+11:00
1,insertValue_type_Web,2024-06-08 10:11:30.716914+11:00
1,clickButton_confirm_Web,2024-06-08 10:11:35.159914+11:00
1,clickButton_B5_Web,2024-06-08 10:11:38.116914+11:00
1,insertBoolValue_Australian_Web,2024-06-08 10:11:40.464914+11:00
1,clickButton_Button6_Web,2024-06-08 10:11:44.009914+11:00
1,openFile_Excel_Sheet1_data_xls,2024-06-08 10:11:46.562914+11:00
1,copy_B_Excel_Special_code,2024-06-08 10:11:56.720914+11:00
1,paste_Special_code_Web,2024-06-08 10:11:59.445914+11:00
1,paste_Country_Web,2024-06-08 10:12:02.453914+11:00
1,goToUrl_www_webpage_com_Web,2024-06-08 10:12:05.622914+11:00
1,clickButton_Button9_Web,2024-06-08 10:12:06.597914+11:00
1,clickButton_OK_Web,2024-06-08 10:12:12.553914+11:00
1,clickButton_OK_Web,2024-06-08 10:12:13.553914+11:00
1,openFile_Excel_Sheet1_data_xls,2024-06-08 10:12:14.553914+11:00
1,goToUrl_www_webpage_com_Web,2024-06-08 10:12:23.862914+11:00
1,insertValue_username_Web,2024-06-08 10:12:35.236914+11:00
1,insertValue_password_Web,2024-06-08 10:12:45.934914+11:00
1,clickButton_confirm_Web,2024-06-08 10:13:00.182914+11:00
1,waitResponse_www_webpage_com_ok_Web,2024-06-08 10:13:02.364914+11:00
1,clickButton_Button1_Web,2024-06-08 10:13:07.213914+11:00
1,clickButton_B2_Web,2024-06-08 10:13:09.446914+11:00
1,insertValue_name_Web,2024-06-08 10:13:10.446914+11:00
1,insertValue_surname_Web,2024-06-08 10:13:13.040914+11:00
1,insertValue_age_Web,2024-06-08 10:13:21.756914+11:00
1,insertValue_type_Web,2024-06-08 10:13:38.347914+11:00
1,clickButton_confirm_Web,2024-06-08 10:13:44.874914+11:00
1,clickButton_B5_Web,2024-06-08 10:13:48.659914+11:00
1,insertBoolValue_Australian_Web,2024-06-08 10:13:51.444914+11:00
1,clickButton_Button6_Web,2024-06-08 10:14:00.839914+11:00
1,openFile_Excel_Sheet1_data_xls,2024-06-08 10:14:04.803914+11:00
1,copy_B_Excel_Special_code,2024-06-08 10:14:10.853914+11:00
1,paste_Special_code_Web,2024-06-08 10:14:13.878914+11:00
1,paste_Country_Web,2024-06-08 10:14:18.172914+11:00
1,goToUrl_www_webpage_com_Web,2024-06-08 10:14:21.450914+11:00
1,clickButton_Button9_Web,2024-06-08 10:14:25.530914+11:00
1,clickButton_OK_Web,2024-06-08 10:14:29.085914+11:00
1,insertValue_ID_Web,2024-06-08 10:14:30.085914+11:00
1,copy_B_Excel_Special_code,2024-06-08 10:14:32.546914+11:00
1,paste_Special_code_Web,2024-06-08 10:14:34.870914+11:00
1,copy_B_Excel_Area,2024-06-08 10:14:36.022914+11:00
1,paste_Area_Web,2024-06-08 10:14:39.207914+11:00
1,clickButton_OK_Web,2024-06-08 10:14:40.626914+11:00
1,insertValue_name_Web,2024-06-08 10:14:41.626914+11:00
1,insertValue_surname_Web,2024-06-08 10:14:53.324914+11:00
1,insertValue_age_Web,2024-06-08 10:14:58.547914+11:00
1,insertValue_type_Web,2024-06-08 10:15:06.789914+11:00
1,clickButton_confirm_Web,2024-06-08 10:15:09.532914+11:00
1,openFile_Excel_Sheet1_data_xls,2024-06-08 10:15:10.532914+11:00
1,goToUrl_www_webpage_com_Web,2024-06-08 10:15:21.328914+11:00
1,insertValue_username_Web,2024-06-08 10:15:28.133914+11:00
1,insertValue_password_Web,2024-06-08 10:15:33.388914+11:00
1,clickButton_confirm_Web,2024-06-08 10:15:40.753914+11:00
1,waitResponse_www_webpage_com_ok_Web,2024-06-08 10:15:44.772914+11:00
1,clickButton_Button1_Web,2024-06-08 10:15:53.870914+11:00
1,clickButton_B2_Web,2024-06-08 10:15:56.837914+11:00
1,insertValue_ID_Web,2024-06-08 10:15:59.388914+11:00
1,copy_B_Excel_Special_code,2024-06-08 10:16:03.324914+11:00
1,paste_Special_code_Web,2024-06-08 10:16:06.668914+11:00
1,copy_B_Excel_Area,2024-06-08 10:16:09.955914+11:00
1,paste_Area_Web,2024-06-08 10:16:12.515914+11:00
1,clickButton_OK_Web,2024-06-08 10:16:16.414914+11:00
1,clickButton_B5_Web,2024-06-08 10:16:17.414914+11:00
1,insertBoolValue_Australian_Web,2024-06-08 10:16:18.039914+11:00
1,clickButton_Button6_Web,2024-06-08 10:16:28.338914+11:00
1,openFile_Excel_Sheet1_data_xls,2024-06-08 10:16:30.422914+11:00
1,copy_B_Excel_Special_code,2024-06-08 10:16:32.554914+11:00
1,paste_Special_code_Web,2024-06-08 10:16:35.958914+11:00
1,paste_Country_Web,2024-06-08 10:16:39.614914+11:00
1,goToUrl_www_webpage_com_Web,2024-06-08 10:16:42.338914+11:00
1,clickButton_Button9_Web,2024-06-08 10:16:57.035914+11:00
1,clickButton_OK_Web,2024-06-08 10:17:00.345914+11:00
1,openFile_Excel_Sheet1_data_xls,2024-06-08 10:17:01.345914+11:00
1,goToUrl_www_webpage_com_Web,2024-06-08 10:17:20.588914+11:00
1,insertValue_username_Web,2024-06-08 10:17:31.844914+11:00
1,insertValue_password_Web,2024-06-08 10:17:38.229914+11:00
1,clickButton_confirm_Web,2024-06-08 10:17:49.190914+11:00
1,waitResponse_www_webpage_com_ok_Web,2024-06-08 10:17:52.893914+11:00
1,clickButton_Button1_Web,2024-06-08 10:17:52.894914+11:00
1,clickButton_B2_Web,2024-06-08 10:17:54.743914+11:00
1,insertValue_ID_Web,2024-06-08 10:17:56.029914+11:00
1,copy_B_Excel_Special_code,2024-06-08 10:17:59.754914+11:00
1,paste_Special_code_Web,2024-06-08 10:18:02.653914+11:00
1,copy_B_Excel_Area,2024-06-08 10:18:06.466914+11:00
1,insertValue_name_Web,2024-06-08 10:18:07.466914+11:00
1,insertValue_surname_Web,2024-06-08 10:18:09.193914+11:00
1,insertValue_age_Web,2024-06-08 10:18:17.569914+11:00
1,insertValue_type_Web,2024-06-08 10:18:24.541914+11:00
1,clickButton_confirm_Web,2024-06-08 10:18:46.224914+11:00
1,clickButton_B5_Web,2024-06-08 10:18:49.520914+11:00
1,insertBoolValue_Australian_Web,2024-06-08 10:18:53.685914+11:00
1,clickButton_Button6_Web,2024-06-08 10:18:56.410914+11:00
1,openFile_Excel_Sheet1_data_xls,2024-06-08 10:18:56.786914+11:00
1,copy_B_Excel_Special_code,2024-06-08 10:19:07.644914+11:00
1,paste_Special_code_Web,2024-06-08 10:19:10.612914+11:00
1,paste_Country_Web,2024-06-08 10:19:13.987914+11:00
1,goToUrl_www_webpage_com_Web,2024-06-08 10:19:16.822914+11:00
1,clickButton_Button9_Web,2024-06-08 10:19:26.898914+11:00
1,clickButton_OK_Web,2024-06-08 10:19:28.637914+11:00
1,paste_Area_Web,2024-06-08 10:19:29.637914+11:00
1,clickButton_OK_Web,2024-06-08 10:19:31.083914+11:00
1,openFile_Excel_Sheet1_data_xls,2024-06-08 10:19:32.083914+11:00
1,goToUrl_www_webpage_com_Web,2024-06-08 10:19:41.440914+11:00
1,insertValue_username_Web,2024-06-08 10:19:46.407914+11:00
1,insertValue_password_Web,2024-06-08 10:19:47.308914+11:00
1,clickButton_confirm_Web,2024-06-08 10:20:04.117914+11:00
1,waitResponse_www_webpage_com_ok_Web,2024-06-08 10:20:06.188914+11:00
1,clickButton_Button1_Web,2024-06-08 10:20:09.034914+11:00
1,clickButton_B2_Web,2024-06-08 10:20:11.709914+11:00
1,insertValue_ID_Web,2024-06-08 10:20:15.208914+11:00
1,copy_B_Excel_Special_code,2024-06-08 10:20:17.800914+11:00
1,paste_Special_code_Web,2024-06-08 10:20:21.719914+11:00
1,insertValue_name_Web,2024-06-08 10:20:22.719914+11:00
1,insertValue_surname_Web,2024-06-08 10:20:31.788914+11:00
1,insertValue_age_Web,2024-06-08 10:20:38.468914+11:00
1,insertValue_type_Web,2024-06-08 10:20:38.469914+11:00
1,clickButton_confirm_Web,2024-06-08 10:20:44.999914+11:00
1,clickButton_B5_Web,2024-06-08 10:20:47.131914+11:00
1,insertBoolValue_Australian_Web,2024-06-08 10:20:51.491914+11:00
1,clickButton_Button6_Web,2024-06-08 10:20:55.850914+11:00
1,openFile_Excel_Sheet1_data_xls,2024-06-08 10:20:59.166914+11:00
1,copy_B_Excel_Special_code,2024-06-08 10:21:01.671914+11:00
1,paste_Special_code_Web,2024-06-08 10:21:04.920914+11:00
1,paste_Country_Web,2024-06-08 10:21:08.014914+11:00
1,goToUrl_www_webpage_com_Web,2024-06-08 10:21:11.566914+11:00
1,clickButton_Button9_Web,2024-06-08 10:21:17.529914+11:00
1,clickButton_OK_Web,2024-06-08 10:21:20.992914+11:00
1,copy_B_Excel_Area,2024-06-08 10:21:21.992914+11:00
1,paste_Area_Web,2024-06-08 10:21:24.536914+11:00
1,clickButton_OK_Web,2024-06-08 10:21:29.627914+11:00
1,insertValue_name_Web,2024-06-08 10:21:30.627914+11:00
1,insertValue_surname_Web,2024-06-08 10:21:35.320914+11:00
1,insertValue_age_Web,2024-06-08 10:21:44.700914+11:00
1,insertValue_type_Web,2024-06-08 10:21:53.584914+11:00
1,clickButton_confirm_Web,2024-06-08 10:21:53.585914+11:00
1,openFile_Excel_Sheet1_data_xls,2024-06-08 10:21:54.584914+11:00
1,goToUrl_www_webpage_com_Web,2024-06-08 10:22:03.161914+11:00
1,insertValue_username_Web,2024-06-08 10:22:09.689914+11:00
1,insertValue_password_Web,2024-06-08 10:22:23.475914+11:00
1,clickButton_confirm_Web,2024-06-08 10:22:25.883914+11:00
1,waitResponse_www_webpage_com_ok_Web,2024-06-08 10:22:28.276914+11:00
1,clickButton_Button1_Web,2024-06-08 10:22:36.801914+11:00
1,clickButton_B2_Web,2024-06-08 10:22:41.532914+11:00
1,insertValue_ID_Web,2024-06-08 10:22:44.970914+11:00
1,copy_B_Excel_Special_code,2024-06-08 10:22:48.838914+11:00
1,paste_Special_code_Web,2024-06-08 10:22:50.765914+11:00
1,copy_B_Excel_Area,2024-06-08 10:22:54.323914+11:00
1,paste_Area_Web,2024-06-08 10:22:57.408914+11:00
1,clickButton_OK_Web,2024-06-08 10:23:01.760914+11:00
1,clickButton_B5_Web,2024-06-08 10:23:02.760914+11:00
1,insertBoolValue_Australian_Web,2024-06-08 10:23:04.845914+11:00
1,clickButton_Button6_Web,2024-06-08 10:23:05.688914+11:00
1,openFile_Excel_Sheet1_data_xls,2024-06-08 10:23:08.401914+11:00
1,copy_B_Excel_Special_code,2024-06-08 10:23:17.610914+11:00
1,paste_Special_code_Web,2024-06-08 10:23:20.454914+11:00
1,paste_Country_Web,2024-06-08 10:23:25.597914+11:00
1,goToUrl_www_webpage_com_Web,2024-06-08 10:23:28.908914+11:00
1,clickButton_Button9_Web,2024-06-08 10:23:39.915914+11:00
1,clickButton_OK_Web,2024-06-08 10:23:42.681914+11:00
1,openFile_Excel_Sheet1_data_xls,2024-06-08 10:23:43.681914+11:00
1,goToUrl_www_webpage_com_Web,2024-06-08 10:23:44.585914+11:00
1,insertValue_username_Web,2024-06-08 10:23:48.262914+11:00
1,insertValue_password_Web,2024-06-08 10:24:02.333914+11:00
1,clickButton_confirm_Web,2024-06-08 10:24:04.283914+11:00
1,waitResponse_www_webpage_com_ok_Web,2024-06-08 10:24:06.202914+11:00
1,clickButton_Button1_Web,2024-06-08 10:24:11.122914+11:00
1,clickButton_B2_Web,2024-06-08 10:24:13.452914+11:00
1,insertValue_ID_Web,2024-06-08 10:24:15.841914+11:00
1,copy_B_Excel_Special_code,2024-06-08 10:24:18.669914+11:00
1,insertValue_name_Web,2024-06-08 10:24:19.669914+11:00
1,insertValue_surname_Web,2024-06-08 10:24:26.887914+11:00
1,insertValue_age_Web,2024-06-08 10:24:32.395914+11:00
1,insertValue_type_Web,2024-06-08 10:24:37.464914+11:00
1,clickButton_confirm_Web,2024-06-08 10:24:43.641914+11:00
1,clickButton_B5_Web,2024-06-08 10:24:47.144914+11:00
1,insertBoolValue_Australian_Web,2024-06-08 10:24:49.860914+11:00
1,clickButton_Button6_Web,2024-06-08 10:25:01.461914+11:00
1,openFile_Excel_Sheet1_data_xls,2024-06-08 10:25:07.318914+11:00
1,copy_B_Excel_Special_code,2024-06-08 10:25:10.610914+11:00
1,paste_Special_code_Web,2024-06-08 10:25:14.937914+11:00
1,paste_Country_Web,2024-06-08 10:25:16.875914+11:00
1,goToUrl_www_webpage_com_Web,2024-06-08 10:25:18.957914+11:00
1,clickButton_Button9_Web,2024-06-08 10:25:27.510914+11:00
1,clickButton_OK_Web,2024-06-08 10:25:31.324914+11:00
1,paste_Special_code_Web,2024-06-08 10:25:32.324914+11:00
1,copy_B_Excel_Area,2024-06-08 10:25:35.296914+11:00
1,paste_Area_Web,2024-06-08 10:25:38.405914+11:00
1,clickButton_OK_Web,2024-06-08 10:25:41.330914+11:00
1,insertValue_name_Web,2024-06-08 10:25:42.330914+11:00
1,insertValue_surname_Web,2024-06-08 10:25:43.693914+11:00
1,insertValue_age_Web,2024-06-08 10:25:53.266914+11:00
1,insertValue_type_Web,2024-06-08 10:26:03.325914+11:00
1,openFile_Excel_Sheet1_data_xls,2024-06-08 10:26:04.325914+11:00
1,goToUrl_www_webpage_com_Web,2024-06-08 10:26:09.244914+11:00
1,insertValue_username_Web,2024-06-08 10:26:22.772914+11:00
1,insertValue_password_Web,2024-06-08 10:26:34.615914+11:00
1,clickButton_confirm_Web,2024-06-08 10:26:50.141914+11:00
1,waitResponse_www_webpage_com_ok_Web,2024-06-08 10:26:52.081914+11:00
1,clickButton_Button1_Web,2024-06-08 10:27:02.767914+11:00
1,clickButton_B2_Web,2024-06-08 10:27:06.452914+11:00
1,insertValue_ID_Web,2024-06-08 10:27:09.319914+11:00
1,copy_B_Excel_Special_code,2024-06-08 10:27:11.717914+11:00
1,paste_Special_code_Web,2024-06-08 10:27:13.580914+11:00
1,copy_B_Excel_Area,2024-06-08 10:27:16.636914+11:00
1,paste_Area_Web,2024-06-08 10:27:20.290914+11:00
1,clickButton_OK_Web,2024-06-08 10:27:23.259914+11:00
1,clickButton_confirm_Web,2024-06-08 10:27:24.259914+11:00
1,clickButton_B5_Web,2024-06-08 10:27:26.105914+11:00
1,insertBoolValue_Australian_Web,2024-06-08 10:27:30.217914+11:00
1,clickButton_Button6_Web,2024-06-08 10:27:37.634914+11:00
1,openFile_Excel_Sheet1_data_xls,2024-06-08 10:27:40.262914+11:00
1,copy_B_Excel_Special_code,2024-06-08 10:27:47.313914+11:00
1,paste_Special_code_Web,2024-06-08 10:27:49.947914+11:00
1,paste_Country_Web,2024-06-08 10:27:53.242914+11:00
1,goToUrl_www_webpage_com_Web,2024-06-08 10:27:56.049914+11:00
1,clickButton_Button9_Web,2024-06-08 10:28:06.185914+11:00
1,clickButton_OK_Web,2024-06-08 10:28:06.618914+11:00
1,insertValue_name_Web,2024-06-08 10:28:07.618914+11:00
1,insertValue_surname_Web,2024-06-08 10:28:13.679914+11:00
1,insertValue_age_Web,2024-06-08 10:28:19.915914+11:00
1,insertValue_type_Web,2024-06-08 10:28:23.118914+11:00
1,clickButton_confirm_Web,2024-06-08 10:28:31.482914+11:00
1,clickButton_B5_Web,2024-06-08 10:28:34.707914+11:00
1,insertBoolValue_Australian_Web,2024-06-08 10:28:37.669914+11:00
1,clickButton_Button6_Web,2024-06-08 10:28:59.072914+11:00
1,openFile_Excel_Sheet1_data_xls,2024-06-08 10:29:01.902914+11:00
1,copy_B_Excel_Special_code,2024-06-08 10:29:17.942914+11:00
1,paste_Special_code_Web,2024-06-08 10:29:20.096914+11:00
1,paste_Country_Web,2024-06-08 10:29:21.589914+11:00
1,goToUrl_www_webpage_com_Web,2024-06-08 10:29:24.286914+11:00
1,clickButton_Button9_Web,2024-06-08 10:29:24.631914+11:00
1,openFile_Excel_Sheet1_data_xls,2024-06-08 10:29:25.631914+11:00
1,goToUrl_www_webpage_com_Web,2024-06-08 10:29:32.364914+11:00
1,insertValue_username_Web,2024-06-08 10:29:38.385914+11:00
1,insertValue_password_Web,2024-06-08 10:29:52.871914+11:00
1,clickButton_confirm_Web,2024-06-08 10:30:01.423914+11:00
1,waitResponse_www_webpage_com_ok_Web,2024-06-08 10:30:04.692914+11:00
1,clickButton_Button1_Web,2024-06-08 10:30:16.564914+11:00
1,clickButton_B2_Web,2024-06-08 10:30:20.673914+11:00
1,insertValue_ID_Web,2024-06-08 10:30:21.766914+11:00
1,copy_B_Excel_Special_code,2024-06-08 10:30:25.022914+11:00
1,paste_Special_code_Web,2024-06-08 10:30:27.925914+11:00
1,copy_B_Excel_Area,2024-06-08 10:30:30.967914+11:00
1,paste_Area_Web,2024-06-08 10:30:35.144914+11:00
1,clickButton_OK_Web,2024-06-08 10:30:36.965914+11:00
1,clickButton_OK_Web,2024-06-08 10:30:37.965914+11:00
1,insertValue_name_Web,2024-06-08 10:30:38.965914+11:00
1,insertValue_surname_Web,2024-06-08 10:30:52.304914+11:00
1,insertValue_age_Web,2024-06-08 10:30:54.199914+11:00
1,insertValue_type_Web,2024-06-08 10:30:54.945914+11:00
1,clickButton_confirm_Web,2024-06-08 10:31:06.063914+11:00
1,clickButton_B5_Web,2024-06-08 10:31:08.008914+11:00
1,insertBoolValue_Australian_Web,2024-06-08 10:31:11.588914+11:00
1,clickButton_Button6_Web,2024-06-08 10:31:22.098914+11:00
1,openFile_Excel_Sheet1_data_xls,2024-06-08 10:31:26.450914+11:00
1,copy_B_Excel_Special_code,2024-06-08 10:31:34.946914+11:00
1,openFile_Excel_Sheet1_data_xls,2024-06-08 10:31:35.946914+11:00
1,goToUrl_www_webpage_com_Web,2024-06-08 10:31:41.410914+11:00
1,insertValue_username_Web,2024-06-08 10:31:50.855914+11:00
1,insertValue_password_Web,2024-06-08 10:32:09.297914+11:00
1,clickButton_confirm_Web,2024-06-08 10:32:23.178914+11:00
1,waitResponse_www_webpage_com_ok_Web,2024-06-08 10:32:27.694914+11:00
1,clickButton_Button1_Web,2024-06-08 10:32:28.682914+11:00
1,clickButton_B2_Web,2024-06-08 10:32:30.169914+11:00
1,insertValue_ID_Web,2024-06-08 10:32:32.995914+11:00
1,copy_B_Excel_Special_code,2024-06-08 10:32:35.928914+11:00
1,paste_Special_code_Web,2024-06-08 10:32:38.697914+11:00
1,copy_B_Excel_Area,2024-06-08 10:32:42.864914+11:00
1,paste_Area_Web,2024-06-08 10:32:45.342914+11:00
1,clickButton_OK_Web,2024-06-08 10:32:48.089914+11:00
1,paste_Special_code_Web,2024-06-08 10:32:49.089914+11:00
1,paste_Country_Web,2024-06-08 10:32:52.331914+11:00
1,goToUrl_www_webpage_com_Web,2024-06-08 10:32:54.982914+11:00
1,clickButton_Button9_Web,2024-06-08 10:33:00.708914+11:00
1,clickButton_OK_Web,2024-06-08 10:33:03.487914+11:00
1,insertValue_name_Web,2024-06-08 10:33:04.487914+11:00
1,insertValue_surname_Web,2024-06-08 10:33:09.034914+11:00
1,insertValue_age_Web,2024-06-08 10:33:20.300914+11:00
1,insertValue_type_Web,2024-06-08 10:33:25.364914+11:00
1,clickButton_confirm_Web,2024-06-08 10:33:28.411914+11:00
1,clickButton_B5_Web,2024-06-08 10:33:28.688914+11:00
1,insertBoolValue_Australian_Web,2024-06-08 10:33:32.960914+11:00
1,clickButton_Button6_Web,2024-06-08 10:33:39.515914+11:00
1,openFile_Excel_Sheet1_data_xls,2024-06-08 10:33:41.161914+11:00
1,copy_B_Excel_Special_code,2024-06-08 10:33:53.947914+11:00
1,paste_Special_code_Web,2024-06-08 10:33:56.922914+11:00
1,paste_Country_Web,2024-06-08 10:34:02.340914+11:00
1,goToUrl_www_webpage_com_Web,2024-06-08 10:34:05.407914+11:00
1,openFile_Excel_Sheet1_data_xls,2024-06-08 10:34:06.407914+11:00
1,goToUrl_www_webpage_com_Web,2024-06-08 10:34:17.189914+11:00
1,insertValue_username_Web,2024-06-08 10:34:21.724914+11:00
1,insertValue_password_Web,2024-06-08 10:34:35.004914+11:00
1,clickButton_confirm_Web,2024-06-08 10:34:45.885914+11:00
1,waitResponse_www_webpage_com_ok_Web,2024-06-08 10:34:49.257914+11:00
1,clickButton_Button1_Web,2024-06-08 10:34:57.311914+11:00
1,clickButton_B2_Web,2024-06-08 10:35:00.038914+11:00
1,insertValue_ID_Web,2024-06-08 10:35:01.730914+11:00
1,copy_B_Excel_Special_code,2024-06-08 10:35:04.636914+11:00
1,paste_Special_code_Web,2024-06-08 10:35:07.756914+11:00
1,copy_B_Excel_Area,2024-06-08 10:35:11.781914+11:00
1,paste_Area_Web,2024-06-08 10:35:15.723914+11:00
1,clickButton_OK_Web,2024-06-08 10:35:18.315914+11:00
1,clickButton_Button9_Web,2024-06-08 10:35:19.315914+11:00
1,clickButton_OK_Web,2024-06-08 10:35:20.188914+11:00
1,insertValue_name_Web,2024-06-08 10:35:21.188914+11:00
1,insertValue_surname_Web,2024-06-08 10:35:26.810914+11:00
1,insertValue_age_Web,2024-06-08 10:35:34.822914+11:00
1,insertValue_type_Web,2024-06-08 10:35:36.564914+11:00
1,clickButton_confirm_Web,2024-06-08 10:35:37.155914+11:00
1,clickButton_B5_Web,2024-06-08 10:35:38.206914+11:00
1,insertBoolValue_Australian_Web,2024-06-08 10:35:41.817914+11:00
1,clickButton_Button6_Web,2024-06-08 10:35:47.502914+11:00
1,openFile_Excel_Sheet1_data_xls,2024-06-08 10:35:51.737914+11:00
1,copy_B_Excel_Special_code,2024-06-08 10:36:08.665914+11:00
1,paste_Special_code_Web,2024-06-08 10:36:10.640914+11:00
1,paste_Country_Web,2024-06-08 10:36:14.798914+11:00
1,openFile_Excel_Sheet1_data_xls,2024-06-08 10:36:15.798914+11:00
1,goToUrl_www_webpage_com_Web,2024-06-08 10:36:25.327914+11:00
1,insertValue_username_Web,2024-06-08 10:36:40.196914+11:00
1,insertValue_password_Web,2024-06-08 10:36:54.956914+11:00
1,clickButton_confirm_Web,2024-06-08 10:36:58.632914+11:00
1,waitResponse_www_webpage_com_ok_Web,2024-06-08 10:37:02.670914+11:00
1,clickButton_Button1_Web,2024-06-08 10:37:05.120914+11:00
1,clickButton_B2_Web,2024-06-08 10:37:07.706914+11:00
1,insertValue_ID_Web,2024-06-08 10:37:11.060914+11:00
1,copy_B_Excel_Special_code,2024-06-08 10:37:12.870914+11:00
1,paste_Special_code_Web,2024-06-08 10:37:14.903914+11:00
1,copy_B_Excel_Area,2024-06-08 10:37:18.791914+11:00
1,paste_Area_Web,2024-06-08 10:37:20.960914+11:00
1,clickButton_OK_Web,2024-06-08 10:37:23.303914+11:00
1,goToUrl_www_webpage_com_Web,2024-06-08 10:37:24.303914+11:00
1,clickButton_Button9_Web,2024-06-08 10:37:35.570914+11:00
1,clickButton_OK_Web,2024-06-08 10:37:38.663914+11:00
1,insertValue_name_Web,2024-06-08 10:37:39.663914+11:00
1,insertValue_surname_Web,2024-06-08 10:37:49.368914+11:00
1,insertValue_age_Web,2024-06-08 10:37:58.735914+11:00
1,insertValue_type_Web,2024-06-08 10:38:07.932914+11:00
1,clickButton_confirm_Web,2024-06-08 10:38:13.300914+11:00
1,clickButton_B5_Web,2024-06-08 10:38:16.238914+11:00
1,insertBoolValue_Australian_Web,2024-06-08 10:38:18.859914+11:00
1,clickButton_Button6_Web,2024-06-08 10:38:25.280914+11:00
1,openFile_Excel_Sheet1_data_xls,2024-06-08 10:38:26.887914+11:00
1,copy_B_Excel_Special_code,2024-06-08 10:38:31.622914+11:00
1,paste_Special_code_Web,2024-06-08 10:38:36.380914+11:00
1,paste_Country_Web,2024-06-08 10:38:37.799914+11:00
1,goToUrl_www_webpage_com_Web,2024-06-08 10:38:40.175914+11:00
1,clickButton_Button9_Web,2024-06-08 10:38:49.154914+11:00
1,openFile_Excel_Sheet1_data_xls,2024-06-08 10:38:50.154914+11:00
1,goToUrl_www_webpage_com_Web,2024-06-08 10:39:10.390914+11:00
1,insertValue_username_Web,2024-06-08 10:39:15.707914+11:00
1,insertValue_password_Web,2024-06-08 10:39:26.082914+11:00
1,clickButton_confirm_Web,2024-06-08 10:39:29.136914+11:00
1,waitResponse_www_webpage_com_ok_Web,2024-06-08 10:39:32.460914+11:00
1,clickButton_Button1_Web,2024-06-08 10:39:48.625914+11:00
1,clickButton_B2_Web,2024-06-08 10:39:50.295914+11:00
1,insertValue_ID_Web,2024-06-08 10:39:54.205914+11:00
1,copy_B_Excel_Special_code,2024-06-08 10:39:56.171914+11:00
1,paste_Special_code_Web,2024-06-08 10:39:57.617914+11:00
1,copy_B_Excel_Area,2024-06-08 10:39:59.630914+11:00
1,paste_Area_Web,2024-06-08 10:40:03.592914+11:00
1,clickButton_OK_Web,2024-06-08 10:40:07.633914+11:00
1,clickButton_OK_Web,2024-06-08 10:40:08.633914+11:00
1,insertValue_name_Web,2024-06-08 10:40:09.633914+11:00
1,openFile_Excel_Sheet1_data_xls,2024-06-08 10:40:10.633914+11:00
1,goToUrl_www_webpage_com_Web,2024-06-08 10:40:18.926914+11:00
1,insertValue_username_Web,2024-06-08 10:40:36.368914+11:00
1,insertValue_password_Web,2024-06-08 10:40:42.978914+11:00
1,clickButton_confirm_Web,2024-06-08 10:40:50.394914+11:00
1,waitResponse_www_webpage_com_ok_Web,2024-06-08 10:40:52.801914+11:00
1,clickButton_Button1_Web,2024-06-08 10:40:55.300914+11:00
1,clickButton_B2_Web,2024-06-08 10:40:59.137914+11:00
1,insertValue_ID_Web,2024-06-08 10:41:03.495914+11:00
1,copy_B_Excel_Special_code,2024-06-08 10:41:06.533914+11:00
1,paste_Special_code_Web,2024-06-08 10:41:09.327914+11:00
1,copy_B_Excel_Area,2024-06-08 10:41:11.453914+11:00
1,paste_Area_Web,2024-06-08 10:41:15.397914+11:00
1,clickButton_OK_Web,2024-06-08 10:41:18.754914+11:00
1,insertValue_surname_Web,2024-06-08 10:41:19.754914+11:00
1,insertValue_age_Web,2024-06-08 10:41:24.648914+11:00
1,insertValue_type_Web,2024-06-08 10:41:28.436914+11:00
1,clickButton_confirm_Web,2024-06-08 10:41:36.817914+11:00
1,clickButton_B5_Web,2024-06-08 10:41:40.738914+11:00
1,insertBoolValue_Australian_Web,2024-06-08 10:41:42.171914+11:00
1,clickButton_Button6_Web,2024-06-08 10:41:49.243914+11:00
1,openFile_Excel_Sheet1_data_xls,2024-06-08 10:41:49.982914+11:00
1,copy_B_Excel_Special_code,2024-06-08 10:42:00.769914+11:00
1,paste_Special_code_Web,2024-06-08 10:42:01.999914+11:00
1,paste_Country_Web,2024-06-08 10:42:05.917914+11:00
1,goToUrl_www_webpage_com_Web,2024-06-08 10:42:08.034914+11:00
1,clickButton_Button9_Web,2024-06-08 10:42:20.050914+11:00
1,clickButton_OK_Web,2024-06-08 10:42:22.071914+11:00
1,insertValue_name_Web,2024-06-08 10:42:23.071914+11:00
1,insertValue_surname_Web,2024-06-08 10:42:32.470914+11:00
1,insertValue_age_Web,2024-06-08 10:42:34.587914+11:00
1,insertValue_type_Web,2024-06-08 10:42:37.449914+11:00
1,clickButton_confirm_Web,2024-06-08 10:42:46.671914+11:00
1,clickButton_B5_Web,2024-06-08 10:42:48.922914+11:00
1,insertBoolValue_Australian_Web,2024-06-08 10:42:52.380914+11:00
1,clickButton_Button6_Web,2024-06-08 10:43:02.434914+11:00
1,openFile_Excel_Sheet1_data_xls,2024-06-08 10:43:03.434914+11:00
1,goToUrl_www_webpage_com_Web,2024-06-08 10:43:12.483914+11:00
1,insertValue_username_Web,2024-06-08 10:43:18.964914+11:00
1,insertValue_password_Web,2024-06-08 10:43:32.059914+11:00
1,clickButton_confirm_Web,2024-06-08 10:43:43.553914+11:00
1,waitResponse_www_webpage_com_ok_Web,2024-06-08 10:43:45.897914+11:00
1,clickButton_Button1_Web,2024-06-08 10:43:57.234914+11:00
1,clickButton_B2_Web,2024-06-08 10:43:59.403914+11:00
1,insertValue_ID_Web,2024-06-08 10:44:03.562914+11:00
1,copy_B_Excel_Special_code,2024-06-08 10:44:07.428914+11:00
1,paste_Special_code_Web,2024-06-08 10:44:09.913914+11:00
1,copy_B_Excel_Area,2024-06-08 10:44:12.059914+11:00
1,paste_Area_Web,2024-06-08 10:44:13.886914+11:00
1,clickButton_OK_Web,2024-06-08 10:44:17.802914+11:00
1,openFile_Excel_Sheet1_data_xls,2024-06-08 10:44:18.802914+11:00
1,copy_B_Excel_Special_code,2024-06-08 10:44:31.852914+11:00
1,paste_Special_code_Web,2024-06-08 10:44:34.223914+11:00
1,paste_Country_Web,2024-06-08 10:44:37.308914+11:00
1,goToUrl_www_webpage_com_Web,2024-06-08 10:44:40.045914+11:00
1,clickButton_Button9_Web,2024-06-08 10:44:52.736914+11:00
1,clickButton_OK_Web,2024-06-08 10:44:57.383914+11:00
1,openFile_Excel_Sheet1_data_xls,2024-06-08 10:44:58.383914+11:00
1,goToUrl_www_webpage_com_Web,2024-06-08 10:45:03.969914+11:00
1,insertValue_username_Web,2024-06-08 10:45:09.898914+11:00
1,insertValue_password_Web,2024-06-08 10:45:15.319914+11:00
1,clickButton_confirm_Web,2024-06-08 10:45:21.799914+11:00
1,insertValue_name_Web,2024-06-08 10:45:22.799914+11:00
1,insertValue_surname_Web,2024-06-08 10:45:36.715914+11:00
1,insertValue_age_Web,2024-06-08 10:45:54.502914+11:00
1,insertValue_type_Web,2024-06-08 10:46:04.327914+11:00
1,clickButton_confirm_Web,2024-06-08 10:46:04.328914+11:00
1,clickButton_B5_Web,2024-06-08 10:46:05.979914+11:00
1,insertBoolValue_Australian_Web,2024-06-08 10:46:08.614914+11:00
1,clickButton_Button6_Web,2024-06-08 10:46:23.783914+11:00
1,openFile_Excel_Sheet1_data_xls,2024-06-08 10:46:25.107914+11:00
1,copy_B_Excel_Special_code,2024-06-08 10:46:33.007914+11:00
1,paste_Special_code_Web,2024-06-08 10:46:35.506914+11:00
1,paste_Country_Web,2024-06-08 10:46:39.253914+11:00
1,goToUrl_www_webpage_com_Web,2024-06-08 10:46:42.164914+11:00
1,clickButton_Button9_Web,2024-06-08 10:46:47.549914+11:00
1,clickButton_OK_Web,2024-06-08 10:46:48.883914+11:00
1,waitResponse_www_webpage_com_ok_Web,2024-06-08 10:46:49.883914+11:00
1,clickButton_Button1_Web,2024-06-08 10:47:03.487914+11:00
1,clickButton_B2_Web,2024-06-08 10:47:06.269914+11:00
1,insertValue_ID_Web,2024-06-08 10:47:09.653914+11:00
1,copy_B_Excel_Special_code,2024-06-08 10:47:11.865914+11:00
1,paste_Special_code_Web,2024-06-08 10:47:15.762914+11:00
1,copy_B_Excel_Area,2024-06-08 10:47:18.127914+11:00
1,paste_Area_Web,2024-06-08 10:47:21.392914+11:00
1,clickButton_OK_Web,2024-06-08 10:47:26.041914+11:00
1,insertValue_name_Web,2024-06-08 10:47:27.041914+11:00
1,insertValue_surname_Web,2024-06-08 10:47:40.772914+11:00
1,insertValue_age_Web,2024-06-08 10:47:49.276914+11:00
1,insertValue_type_Web,2024-06-08 10:47:53.504914+11:00
1,clickButton_confirm_Web,2024-06-08 10:48:05.949914+11:00
1,clickButton_B5_Web,2024-06-08 10:48:09.466914+11:00
1,insertBoolValue_Australian_Web,2024-06-08 10:48:11.576914+11:00
1,clickButton_Button6_Web,2024-06-08 10:48:16.676914+11:00
1,openFile_Excel_Sheet1_data_xls,2024-06-08 10:48:19.310914+11:00
1,copy_B_Excel_Special_code,2024-06-08 10:48:21.175914+11:00
1,paste_Special_code_Web,2024-06-08 10:48:26.012914+11:00
1,paste_Country_Web,2024-06-08 10:48:27.744914+11:00
1,openFile_Excel_Sheet1_data_xls,2024-06-08 10:48:28.744914+11:00
1,goToUrl_www_webpage_com_Web,2024-06-08 10:48:36.569914+11:00
1,insertValue_username_Web,2024-06-08 10:48:38.591914+11:00
1,insertValue_password_Web,2024-06-08 10:48:41.952914+11:00
1,clickButton_confirm_Web,2024-06-08 10:48:49.402914+11:00
1,waitResponse_www_webpage_com_ok_Web,2024-06-08 10:48:52.086914+11:00
1,clickButton_Button1_Web,2024-06-08 10:48:52.356914+11:00
1,clickButton_B2_Web,2024-06-08 10:48:54.794914+11:00
1,insertValue_ID_Web,2024-06-08 10:48:59.346914+11:00
1,copy_B_Excel_Special_code,2024-06-08 10:49:01.568914+11:00
1,paste_Special_code_Web,2024-06-08 10:49:04.619914+11:00
1,copy_B_Excel_Area,2024-06-08 10:49:08.217914+11:00
1,paste_Area_Web,2024-06-08 10:49:12.047914+11:00
1,clickButton_OK_Web,2024-06-08 10:49:15.034914+11:00
1,goToUrl_www_webpage_com_Web,2024-06-08 10:49:16.034914+11:00
1,clickButton_Button9_Web,2024-06-08 10:49:17.226914+11:00
1,clickButton_OK_Web,2024-06-08 10:49:20.072914+11:00
1,insertValue_name_Web,2024-06-08 10:49:21.072914+11:00
1,insertValue_surname_Web,2024-06-08 10:49:35.341914+11:00
1,insertValue_age_Web,2024-06-08 10:49:46.986914+11:00
1,insertValue_type_Web,2024-06-08 10:49:54.061914+11:00
1,clickButton_confirm_Web,2024-06-08 10:50:06.994914+11:00
1,openFile_Excel_Sheet1_data_xls,2024-06-08 10:50:07.994914+11:00
1,goToUrl_www_webpage_com_Web,2024-06-08 10:50:17.347914+11:00
1,insertValue_username_Web,2024-06-08 10:50:25.687914+11:00
1,insertValue_password_Web,2024-06-08 10:50:36.114914+11:00
1,clickButton_confirm_Web,2024-06-08 10:50:43.858914+11:00
1,waitResponse_www_webpage_com_ok_Web,2024-06-08 10:50:46.655914+11:00
1,clickButton_Button1_Web,2024-06-08 10:50:51.961914+11:00
1,clickButton_B2_Web,2024-06-08 10:50:55.354914+11:00
1,insertValue_ID_Web,2024-06-08 10:50:58.291914+11:00
1,copy_B_Excel_Special_code,2024-06-08 10:51:01.443914+11:00
1,paste_Special_code_Web,2024-06-08 10:51:04.847914+11:00
1,copy_B_Excel_Area,2024-06-08 10:51:08.710914+11:00
1,paste_Area_Web,2024-06-08 10:51:13.285914+11:00
1,clickButton_OK_Web,2024-06-08 10:51:17.497914+11:00
1,clickButton_B5_Web,2024-06-08 10:51:18.497914+11:00
1,insertBoolValue_Australian_Web,2024-06-08 10:51:21.500914+11:00
1,clickButton_Button6_Web,2024-06-08 10:51:29.930914+11:00
1,openFile_Excel_Sheet1_data_xls,2024-06-08 10:51:32.457914+11:00
1,copy_B_Excel_Special_code,2024-06-08 10:51:40.946914+11:00
1,paste_Special_code_Web,2024-06-08 10:51:44.702914+11:00
1,paste_Country_Web,2024-06-08 10:51:46.374914+11:00
1,goToUrl_www_webpage_com_Web,2024-06-08 10:51:47.204914+11:00
1,clickButton_Button9_Web,2024-06-08 10:51:54.511914+11:00
1,clickButton_OK_Web,2024-06-08 10:51:58.791914+11:00
1,insertValue_name_Web,2024-06-08 10:51:59.791914+11:00
1,insertValue_surname_Web,2024-06-08 10:51:59.792914+11:00
1,insertValue_age_Web,2024-06-08 10:52:08.241914+11:00
1,openFile_Excel_Sheet1_data_xls,2024-06-08 10:52:09.241914+11:00
1,goToUrl_www_webpage_com_Web,2024-06-08 10:52:17.674914+11:00
1,insertValue_username_Web,2024-06-08 10:52:23.848914+11:00
1,insertValue_password_Web,2024-06-08 10:52:37.682914+11:00
1,clickButton_confirm_Web,2024-06-08 10:52:43.141914+11:00
1,waitResponse_www_webpage_com_ok_Web,2024-06-08 10:52:44.588914+11:00
1,clickButton_Button1_Web,2024-06-08 10:52:58.312914+11:00
1,clickButton_B2_Web,2024-06-08 10:53:00.719914+11:00
1,insertValue_ID_Web,2024-06-08 10:53:04.108914+11:00
1,copy_B_Excel_Special_code,2024-06-08 10:53:07.258914+11:00
1,paste_Special_code_Web,2024-06-08 10:53:08.941914+11:00
1,copy_B_Excel_Area,2024-06-08 10:53:11.376914+11:00
1,paste_Area_Web,2024-06-08 10:53:13.778914+11:00
1,clickButton_OK_Web,2024-06-08 10:53:15.958914+11:00
1,insertValue_type_Web,2024-06-08 10:53:16.958914+11:00
1,clickButton_confirm_Web,2024-06-08 10:53:28.295914+11:00
1,clickButton_B5_Web,2024-06-08 10:53:31.606914+11:00
1,insertBoolValue_Australian_Web,2024-06-08 10:53:34.548914+11:00
1,clickButton_Button6_Web,2024-06-08 10:53:37.540914+11:00
1,openFile_Excel_Sheet1_data_xls,2024-06-08 10:53:41.393914+11:00
1,copy_B_Excel_Special_code,2024-06-08 10:53:55.439914+11:00
1,paste_Special_code_Web,2024-06-08 10:53:58.247914+11:00
1,paste_Country_Web,2024-06-08 10:54:01.918914+11:00
1,goToUrl_www_webpage_com_Web,2024-06-08 10:54:04.633914+11:00
1,clickButton_Button9_Web,2024-06-08 10:54:18.542914+11:00
1,clickButton_OK_Web,2024-06-08 10:54:21.117914+11:00
1,openFile_Excel_Sheet1_data_xls,2024-06-08 10:54:22.117914+11:00
1,goToUrl_www_webpage_com_Web,2024-06-08 10:54:23.105914+11:00
1,insertValue_username_Web,2024-06-08 10:54:36.366914+11:00
1,insertValue_password_Web,2024-06-08 10:54:43.908914+11:00
1,clickButton_confirm_Web,2024-06-08 10:54:57.080914+11:00
1,waitResponse_www_webpage_com_ok_Web,2024-06-08 10:55:00.669914+11:00
1,insertValue_name_Web,2024-06-08 10:55:01.669914+11:00
1,insertValue_surname_Web,2024-06-08 10:55:08.917914+11:00
1,insertValue_age_Web,2024-06-08 10:55:08.918914+11:00
1,insertValue_type_Web,2024-06-08 10:55:16.648914+11:00
1,clickButton_confirm_Web,2024-06-08 10:55:24.999914+11:00
1,clickButton_B5_Web,2024-06-08 10:55:28.455914+11:00
1,insertBoolValue_Australian_Web,2024-06-08 10:55:30.365914+11:00
1,clickButton_Button6_Web,2024-06-08 10:55:38.465914+11:00
1,openFile_Excel_Sheet1_data_xls,2024-06-08 10:55:40.168914+11:00
1,copy_B_Excel_Special_code,2024-06-08 10:55:46.169914+11:00
1,paste_Special_code_Web,2024-06-08 10:55:50.478914+11:00
1,paste_Country_Web,2024-06-08 10:55:54.010914+11:00
1,goToUrl_www_webpage_com_Web,2024-06-08 10:55:56.674914+11:00
1,clickButton_Button9_Web,2024-06-08 10:55:57.593914+11:00
1,clickButton_OK_Web,2024-06-08 10:56:00.786914+11:00
1,clickButton_Button1_Web,2024-06-08 10:56:01.786914+11:00
1,clickButton_B2_Web,2024-06-08 10:56:04.996914+11:00
1,insertValue_ID_Web,2024-06-08 10:56:07.560914+11:00
1,copy_B_Excel_Special_code,2024-06-08 10:56:09.194914+11:00
1,paste_Special_code_Web,2024-06-08 10:56:12.592914+11:00
1,copy_B_Excel_Area,2024-06-08 10:56:17.563914+11:00
1,paste_Area_Web,2024-06-08 10:56:19.415914+11:00
1,clickButton_OK_Web,2024-06-08 10:56:22.352914+11:00
1,insertValue_name_Web,2024-06-08 10:56:23.352914+11:00
1,insertValue_surname_Web,2024-06-08 10:56:32.567914+11:00
1,insertValue_age_Web,2024-06-08 10:56:37.665914+11:00
1,insertValue_type_Web,2024-06-08 10:56:42.471914+11:00
1,clickButton_confirm_Web,2024-06-08 10:56:51.947914+11:00
1,clickButton_B5_Web,2024-06-08 10:56:54.133914+11:00
1,insertBoolValue_Australian_Web,2024-06-08 10:56:58.445914+11:00
1,clickButton_Button6_Web,2024-06-08 10:57:05.009914+11:00
1,openFile_Excel_Sheet1_data_xls,2024-06-08 10:57:09.320914+11:00
1,copy_B_Excel_Special_code,2024-06-08 10:57:12.955914+11:00
1,paste_Special_code_Web,2024-06-08 10:57:17.648914+11:00
1,paste_Country_Web,2024-06-08 10:57:21.109914+11:00
1,goToUrl_www_webpage_com_Web,2024-06-08 10:57:24.444914+11:00
1,clickButton_Button9_Web,2024-06-08 10:57:28.179914+11:00
1,openFile_Excel_Sheet1_data_xls,2024-06-08 10:57:29.179914+11:00
1,goToUrl_www_webpage_com_Web,2024-06-08 10:57:32.101914+11:00
1,insertValue_username_Web,2024-06-08 10:57:38.955914+11:00
1,insertValue_password_Web,2024-06-08 10:57:50.500914+11:00
1,clickButton_confirm_Web,2024-06-08 10:57:51.654914+11:00
1,waitResponse_www_webpage_com_ok_Web,2024-06-08 10:57:54.147914+11:00
1,clickButton_Button1_Web,2024-06-08 10:57:54.148914+11:00
1,clickButton_B2_Web,2024-06-08 10:57:57.129914+11:00
1,insertValue_ID_Web,2024-06-08 10:57:59.598914+11:00
1,copy_B_Excel_Special_code,2024-06-08 10:58:00.834914+11:00
1,paste_Special_code_Web,2024-06-08 10:58:04.541914+11:00
1,copy_B_Excel_Area,2024-06-08 10:58:09.100914+11:00
1,paste_Area_Web,2024-06-08 10:58:11.065914+11:00
1,clickButton_OK_Web,2024-06-08 10:58:11.945914+11:00
1,clickButton_OK_Web,2024-06-08 10:58:12.945914+11:00
1,insertValue_name_Web,2024-06-08 10:58:13.945914+11:00
1,insertValue_surname_Web,2024-06-08 10:58:27.927914+11:00
1,insertValue_age_Web,2024-06-08 10:58:45.941914+11:00
1,insertValue_type_Web,2024-06-08 10:59:00.392914+11:00
1,clickButton_confirm_Web,2024-06-08 10:59:08.711914+11:00
1,clickButton_B5_Web,2024-06-08 10:59:13.363914+11:00
1,insertBoolValue_Australian_Web,2024-06-08 10:59:17.493914+11:00
1,openFile_Excel_Sheet1_data_xls,2024-06-08 10:59:18.493914+11:00
1,goToUrl_www_webpage_com_Web,2024-06-08 10:59:24.655914+11:00
1,insertValue_username_Web,2024-06-08 10:59:29.169914+11:00
1,insertValue_password_Web,2024-06-08 10:59:37.395914+11:00
1,clickButton_confirm_Web,2024-06-08 10:59:43.473914+11:00
1,waitResponse_www_webpage_com_ok_Web,2024-06-08 10:59:45.597914+11:00
1,clickButton_Button1_Web,2024-06-08 10:59:51.674914+11:00
1,clickButton_B2_Web,2024-06-08 10:59:54.456914+11:00
1,insertValue_ID_Web,2024-06-08 10:59:57.728914+11:00
1,copy_B_Excel_Special_code,2024-06-08 11:00:01.522914+11:00
1,paste_Special_code_Web,2024-06-08 11:00:04.499914+11:00
1,copy_B_Excel_Area,2024-06-08 11:00:07.269914+11:00
1,paste_Area_Web,2024-06-08 11:00:12.145914+11:00
1,clickButton_OK_Web,2024-06-08 11:00:14.705914+11:00
1,clickButton_Button6_Web,2024-06-08 11:00:15.705914+11:00
1,openFile_Excel_Sheet1_data_xls,2024-06-08 11:00:17.500914+11:00
1,copy_B_Excel_Special_code,2024-06-08 11:00:27.353914+11:00
1,paste_Special_code_Web,2024-06-08 11:00:30.029914+11:00
1,paste_Country_Web,2024-06-08 11:00:34.185914+11:00
1,goToUrl_www_webpage_com_Web,2024-06-08 11:00:36.943914+11:00
1,clickButton_Button9_Web,2024-06-08 11:00:52.576914+11:00
1,clickButton_OK_Web,2024-06-08 11:00:55.602914+11:00
1,openFile_Excel_Sheet1_data_xls,2024-06-08 11:00:56.602914+11:00
1,goToUrl_www_webpage_com_Web,2024-06-08 11:01:06.928914+11:00
1,insertValue_username_Web,2024-06-08 11:01:14.947914+11:00
1,insertValue_password_Web,2024-06-08 11:01:20.039914+11:00
1,clickButton_confirm_Web,2024-06-08 11:01:20.040914+11:00
1,waitResponse_www_webpage_com_ok_Web,2024-06-08 11:01:21.850914+11:00
1,clickButton_Button1_Web,2024-06-08 11:01:26.226914+11:00
1,clickButton_B2_Web,2024-06-08 11:01:29.876914+11:00
1,insertValue_ID_Web,2024-06-08 11:01:34.330914+11:00
1,copy_B_Excel_Special_code,2024-06-08 11:01:37.323914+11:00
1,insertValue_name_Web,2024-06-08 11:01:38.323914+11:00
1,insertValue_surname_Web,2024-06-08 11:01:41.580914+11:00
1,insertValue_age_Web,2024-06-08 11:01:49.690914+11:00
1,insertValue_type_Web,2024-06-08 11:01:58.804914+11:00
1,clickButton_confirm_Web,2024-06-08 11:02:09.921914+11:00
1,clickButton_B5_Web,2024-06-08 11:02:12.524914+11:00
1,insertBoolValue_Australian_Web,2024-06-08 11:02:14.560914+11:00
1,clickButton_Button6_Web,2024-06-08 11:02:24.688914+11:00
1,openFile_Excel_Sheet1_data_xls,2024-06-08 11:02:28.373914+11:00
1,copy_B_Excel_Special_code,2024-06-08 11:02:42.181914+11:00
1,paste_Special_code_Web,2024-06-08 11:02:46.493914+11:00
1,paste_Country_Web,2024-06-08 11:02:49.861914+11:00
1,goToUrl_www_webpage_com_Web,2024-06-08 11:02:53.469914+11:00
1,clickButton_Button9_Web,2024-06-08 11:03:01.830914+11:00
1,clickButton_OK_Web,2024-06-08 11:03:04.121914+11:00
1,paste_Special_code_Web,2024-06-08 11:03:05.121914+11:00
1,copy_B_Excel_Area,2024-06-08 11:03:07.617914+11:00
1,paste_Area_Web,2024-06-08 11:03:09.493914+11:00
1,clickButton_OK_Web,2024-06-08 11:03:12.176914+11:00
1,openFile_Excel_Sheet1_data_xls,2024-06-08 11:03:13.176914+11:00
1,goToUrl_www_webpage_com_Web,2024-06-08 11:03:17.882914+11:00
1,insertValue_username_Web,2024-06-08 11:03:27.159914+11:00
1,insertValue_password_Web,2024-06-08 11:03:37.823914+11:00
1,insertValue_name_Web,2024-06-08 11:03:38.823914+11:00
1,insertValue_surname_Web,2024-06-08 11:03:49.339914+11:00
1,insertValue_age_Web,2024-06-08 11:03:54.382914+11:00
1,insertValue_type_Web,2024-06-08 11:04:08.431914+11:00
1,clickButton_confirm_Web,2024-06-08 11:04:29.533914+11:00
1,clickButton_B5_Web,2024-06-08 11:04:32.518914+11:00
1,insertBoolValue_Australian_Web,2024-06-08 11:04:36.126914+11:00
1,clickButton_Button6_Web,2024-06-08 11:04:45.145914+11:00
1,openFile_Excel_Sheet1_data_xls,2024-06-08 11:04:48.072914+11:00
1,copy_B_Excel_Special_code,2024-06-08 11:04:54.952914+11:00
1,paste_Special_code_Web,2024-06-08 11:04:58.283914+11:00
1,paste_Country_Web,2024-06-08 11:05:01.253914+11:00
1,goToUrl_www_webpage_com_Web,2024-06-08 11:05:04.361914+11:00
1,clickButton_Button9_Web,2024-06-08 11:05:12.528914+11:00
1,clickButton_OK_Web,2024-06-08 11:05:15.948914+11:00
1,clickButton_confirm_Web,2024-06-08 11:05:16.948914+11:00
1,waitResponse_www_webpage_com_ok_Web,2024-06-08 11:05:19.288914+11:00
1,clickButton_Button1_Web,2024-06-08 11:05:29.663914+11:00
1,clickButton_B2_Web,2024-06-08 11:05:30.745914+11:00
1,insertValue_ID_Web,2024-06-08 11:05:32.156914+11:00
1,copy_B_Excel_Special_code,2024-06-08 11:05:35.078914+11:00
1,paste_Special_code_Web,2024-06-08 11:05:38.368914+11:00
1,copy_B_Excel_Area,2024-06-08 11:05:40.939914+11:00
1,paste_Area_Web,2024-06-08 11:05:47.172914+11:00
1,clickButton_OK_Web,2024-06-08 11:05:48.854914+11:00
1,insertValue_name_Web,2024-06-08 11:05:49.854914+11:00
1,insertValue_surname_Web,2024-06-08 11:06:06.015914+11:00
1,insertValue_age_Web,2024-06-08 11:06:20.261914+11:00
1,insertValue_type_Web,2024-06-08 11:06:36.674914+11:00
1,clickButton_confirm_Web,2024-06-08 11:06:41.707914+11:00
1,clickButton_B5_Web,2024-06-08 11:06:47.143914+11:00
1,insertBoolValue_Australian_Web,2024-06-08 11:06:48.639914+11:00
1,clickButton_Button6_Web,2024-06-08 11:06:48.640914+11:00
1,openFile_Excel_Sheet1_data_xls,2024-06-08 11:06:48.970914+11:00
1,copy_B_Excel_Special_code,2024-06-08 11:07:03.587914+11:00
1,paste_Special_code_Web,2024-06-08 11:07:06.999914+11:00
1,paste_Country_Web,2024-06-08 11:07:10.976914+11:00
1,goToUrl_www_webpage_com_Web,2024-06-08 11:07:15.419914+11:00
1,openFile_Excel_Sheet1_data_xls,2024-06-08 11:07:16.419914+11:00
1,goToUrl_www_webpage_com_Web,2024-06-08 11:07:16.420914+11:00
1,insertValue_username_Web,2024-06-08 11:07:19.242914+11:00
1,insertValue_password_Web,2024-06-08 11:07:29.116914+11:00
1,clickButton_confirm_Web,2024-06-08 11:07:34.440914+11:00
1,waitResponse_www_webpage_com_ok_Web,2024-06-08 11:07:38.196914+11:00
1,clickButton_Button1_Web,2024-06-08 11:07:46.490914+11:00
1,clickButton_B2_Web,2024-06-08 11:07:49.145914+11:00
1,insertValue_ID_Web,2024-06-08 11:07:50.070914+11:00
1,copy_B_Excel_Special_code,2024-06-08 11:07:53.160914+11:00
1,paste_Special_code_Web,2024-06-08 11:07:57.358914+11:00
1,copy_B_Excel_Area,2024-06-08 11:07:59.759914+11:00
1,paste_Area_Web,2024-06-08 11:08:01.668914+11:00
1,clickButton_OK_Web,2024-06-08 11:08:03.499914+11:00
1,clickButton_Button9_Web,2024-06-08 11:08:04.499914+11:00
1,clickButton_OK_Web,2024-06-08 11:08:08.842914+11:00
1,openFile_Excel_Sheet1_data_xls,2024-06-08 11:08:09.842914+11:00
1,goToUrl_www_webpage_com_Web,2024-06-08 11:08:16.216914+11:00
1,insertValue_username_Web,2024-06-08 11:08:31.601914+11:00
1,insertValue_password_Web,2024-06-08 11:08:39.372914+11:00
1,clickButton_confirm_Web,2024-06-08 11:08:47.279914+11:00
1,insertValue_name_Web,2024-06-08 11:08:48.279914+11:00
1,insertValue_surname_Web,2024-06-08 11:08:53.755914+11:00
1,insertValue_age_Web,2024-06-08 11:09:03.400914+11:00
1,insertValue_type_Web,2024-06-08 11:09:03.401914+11:00
1,clickButton_confirm_Web,2024-06-08 11:09:17.614914+11:00
1,clickButton_B5_Web,2024-06-08 11:09:21.055914+11:00
1,insertBoolValue_Australian_Web,2024-06-08 11:09:22.804914+11:00
1,clickButton_Button6_Web,2024-06-08 11:09:29.718914+11:00
1,openFile_Excel_Sheet1_data_xls,2024-06-08 11:09:34.234914+11:00
1,copy_B_Excel_Special_code,2024-06-08 11:09:42.196914+11:00
1,paste_Special_code_Web,2024-06-08 11:09:44.173914+11:00
1,paste_Country_Web,2024-06-08 11:09:48.298914+11:00
1,goToUrl_www_webpage_com_Web,2024-06-08 11:09:49.917914+11:00
1,clickButton_Button9_Web,2024-06-08 11:09:49.918914+11:00
1,clickButton_OK_Web,2024-06-08 11:09:51.446914+11:00
1,waitResponse_www_webpage_com_ok_Web,2024-06-08 11:09:52.446914+11:00
1,clickButton_Button1_Web,2024-06-08 11:09:53.930914+11:00
1,clickButton_B2_Web,2024-06-08 11:09:58.758914+11:00
1,insertValue_ID_Web,2024-06-08 11:10:02.106914+11:00
1,copy_B_Excel_Special_code,2024-06-08 11:10:06.999914+11:00
1,paste_Special_code_Web,2024-06-08 11:10:10.117914+11:00
1,copy_B_Excel_Area,2024-06-08 11:10:14.187914+11:00
1,paste_Area_Web,2024-06-08 11:10:17.132914+11:00
1,clickButton_OK_Web,2024-06-08 11:10:20.626914+11:00
1,insertValue_name_Web,2024-06-08 11:10:21.626914+11:00
1,openFile_Excel_Sheet1_data_xls,2024-06-08 11:10:22.626914+11:00
1,goToUrl_www_webpage_com_Web,2024-06-08 11:10:36.861914+11:00
1,insertValue_username_Web,2024-06-08 11:10:43.358914+11:00
1,insertValue_password_Web,2024-06-08 11:10:51.725914+11:00
1,clickButton_confirm_Web,2024-06-08 11:10:57.618914+11:00
1,waitResponse_www_webpage_com_ok_Web,2024-06-08 11:11:00.824914+11:00
1,clickButton_Button1_Web,2024-06-08 11:11:11.920914+11:00
1,clickButton_B2_Web,2024-06-08 11:11:14.000914+11:00
1,insertValue_ID_Web,2024-06-08 11:11:16.180914+11:00
1,copy_B_Excel_Special_code,2024-06-08 11:11:17.421914+11:00
1,paste_Special_code_Web,2024-06-08 11:11:18.747914+11:00
1,copy_B_Excel_Area,2024-06-08 11:11:21.335914+11:00
1,paste_Area_Web,2024-06-08 11:11:23.436914+11:00
1,clickButton_OK_Web,2024-06-08 11:11:26.713914+11:00
1,insertValue_surname_Web,2024-06-08 11:11:27.713914+11:00
1,insertValue_age_Web,2024-06-08 11:11:40.642914+11:00
1,insertValue_type_Web,2024-06-08 11:11:58.368914+11:00
1,clickButton_confirm_Web,2024-06-08 11:12:07.996914+11:00
1,clickButton_B5_Web,2024-06-08 11:12:11.888914+11:00
1,insertBoolValue_Australian_Web,2024-06-08 11:12:16.123914+11:00
1,clickButton_Button6_Web,2024-06-08 11:12:24.614914+11:00
1,openFile_Excel_Sheet1_data_xls,2024-06-08 11:12:27.502914+11:00
1,copy_B_Excel_Special_code,2024-06-08 11:12:33.984914+11:00
1,paste_Special_code_Web,2024-06-08 11:12:39.000914+11:00
1,paste_Country_Web,2024-06-08 11:12:42.670914+11:00
1,goToUrl_www_webpage_com_Web,2024-06-08 11:12:45.371914+11:00
1,clickButton_Button9_Web,2024-06-08 11:12:47.459914+11:00
1,clickButton_OK_Web,2024-06-08 11:12:49.599914+11:00
1,insertValue_name_Web,2024-06-08 11:12:50.599914+11:00
1,insertValue_surname_Web,2024-06-08 11:12:58.184914+11:00
1,insertValue_age_Web,2024-06-08 11:13:13.426914+11:00
1,insertValue_type_Web,2024-06-08 11:13:21.181914+11:00
1,clickButton_confirm_Web,2024-06-08 11:13:40.994914+11:00
1,clickButton_B5_Web,2024-06-08 11:13:44.106914+11:00
1,openFile_Excel_Sheet1_data_xls,2024-06-08 11:13:45.106914+11:00
1,goToUrl_www_webpage_com_Web,2024-06-08 11:14:06.091914+11:00
1,insertValue_username_Web,2024-06-08 11:14:19.524914+11:00
1,insertValue_password_Web,2024-06-08 11:14:23.885914+11:00
1,clickButton_confirm_Web,2024-06-08 11:14:23.886914+11:00
1,waitResponse_www_webpage_com_ok_Web,2024-06-08 11:14:26.325914+11:00
1,clickButton_Button1_Web,2024-06-08 11:14:26.326914+11:00
1,clickButton_B2_Web,2024-06-08 11:14:29.851914+11:00
1,insertValue_ID_Web,2024-06-08 11:14:34.392914+11:00
1,copy_B_Excel_Special_code,2024-06-08 11:14:36.637914+11:00
1,paste_Special_code_Web,2024-06-08 11:14:39.497914+11:00
1,copy_B_Excel_Area,2024-06-08 11:14:43.717914+11:00
1,paste_Area_Web,2024-06-08 11:14:46.797914+11:00
1,clickButton_OK_Web,2024-06-08 11:14:47.738914+11:00
1,insertBoolValue_Australian_Web,2024-06-08 11:14:48.738914+11:00
1,clickButton_Button6_Web,2024-06-08 11:15:03.279914+11:00
1,openFile_Excel_Sheet1_data_xls,2024-06-08 11:15:06.162914+11:00
1,copy_B_Excel_Special_code,2024-06-08 11:15:13.497914+11:00
1,paste_Special_code_Web,2024-06-08 11:15:16.510914+11:00
1,paste_Country_Web,2024-06-08 11:15:18.329914+11:00
1,goToUrl_www_webpage_com_Web,2024-06-08 11:15:21.489914+11:00
1,clickButton_Button9_Web,2024-06-08 11:15:32.423914+11:00
1,clickButton_OK_Web,2024-06-08 11:15:35.613914+11:00
1,openFile_Excel_Sheet1_data_xls,2024-06-08 11:15:36.613914+11:00
1,goToUrl_www_webpage_com_Web,2024-06-08 11:15:46.274914+11:00
1,insertValue_username_Web,2024-06-08 11:15:46.504914+11:00
1,insertValue_password_Web,2024-06-08 11:15:48.836914+11:00
1,clickButton_confirm_Web,2024-06-08 11:15:58.808914+11:00
1,insertValue_name_Web,2024-06-08 11:15:59.808914+11:00
1,insertValue_surname_Web,2024-06-08 11:16:06.767914+11:00
1,insertValue_age_Web,2024-06-08 11:16:08.126914+11:00
1,insertValue_type_Web,2024-06-08 11:16:18.968914+11:00
1,clickButton_confirm_Web,2024-06-08 11:16:18.969914+11:00
1,clickButton_B5_Web,2024-06-08 11:16:22.648914+11:00
1,insertBoolValue_Australian_Web,2024-06-08 11:16:27.038914+11:00
1,clickButton_Button6_Web,2024-06-08 11:16:40.052914+11:00
1,openFile_Excel_Sheet1_data_xls,2024-06-08 11:16:42.390914+11:00
1,copy_B_Excel_Special_code,2024-06-08 11:16:48.376914+11:00
1,paste_Special_code_Web,2024-06-08 11:16:51.302914+11:00
1,paste_Country_Web,2024-06-08 11:16:53.166914+11:00
1,goToUrl_www_webpage_com_Web,2024-06-08 11:16:55.296914+11:00
1,clickButton_Button9_Web,2024-06-08 11:17:03.561914+11:00
1,clickButton_OK_Web,2024-06-08 11:17:03.562914+11:00
1,waitResponse_www_webpage_com_ok_Web,2024-06-08 11:17:04.561914+11:00
1,clickButton_Button1_Web,2024-06-08 11:17:05.868914+11:00
1,clickButton_B2_Web,2024-06-08 11:17:08.483914+11:00
1,insertValue_ID_Web,2024-06-08 11:17:11.809914+11:00
1,copy_B_Excel_Special_code,2024-06-08 11:17:15.980914+11:00
1,paste_Special_code_Web,2024-06-08 11:17:17.813914+11:00
1,copy_B_Excel_Area,2024-06-08 11:17:20.174914+11:00
1,paste_Area_Web,2024-06-08 11:17:22.867914+11:00
1,clickButton_OK_Web,2024-06-08 11:17:26.472914+11:00
1,openFile_Excel_Sheet1_data_xls,2024-06-08 11:17:27.472914+11:00
1,goToUrl_www_webpage_com_Web,2024-06-08 11:17:29.928914+11:00
1,insertValue_username_Web,2024-06-08 11:17:46.816914+11:00
1,insertValue_password_Web,2024-06-08 11:17:51.330914+11:00
1,clickButton_confirm_Web,2024-06-08 11:18:08.509914+11:00
1,waitResponse_www_webpage_com_ok_Web,2024-06-08 11:18:13.893914+11:00
1,clickButton_Button1_Web,2024-06-08 11:18:21.110914+11:00
1,clickButton_B2_Web,2024-06-08 11:18:24.207914+11:00
1,insertValue_ID_Web,2024-06-08 11:18:27.833914+11:00
1,copy_B_Excel_Special_code,2024-06-08 11:18:31.587914+11:00
1,paste_Special_code_Web,2024-06-08 11:18:35.812914+11:00
1,copy_B_Excel_Area,2024-06-08 11:18:39.055914+11:00
1,insertValue_name_Web,2024-06-08 11:18:40.055914+11:00
1,insertValue_surname_Web,2024-06-08 11:18:49.763914+11:00
1,insertValue_age_Web,2024-06-08 11:18:58.387914+11:00
1,insertValue_type_Web,2024-06-08 11:19:12.027914+11:00
1,clickButton_confirm_Web,2024-06-08 11:19:21.260914+11:00
1,clickButton_B5_Web,2024-06-08 11:19:24.286914+11:00
1,insertBoolValue_Australian_Web,2024-06-08 11:19:27.374914+11:00
1,clickButton_Button6_Web,2024-06-08 11:19:31.794914+11:00
1,openFile_Excel_Sheet1_data_xls,2024-06-08 11:19:35.327914+11:00
1,copy_B_Excel_Special_code,2024-06-08 11:19:46.082914+11:00
1,paste_Special_code_Web,2024-06-08 11:19:49.169914+11:00
1,paste_Country_Web,2024-06-08 11:19:52.367914+11:00
1,goToUrl_www_webpage_com_Web,2024-06-08 11:19:55.258914+11:00
1,clickButton_Button9_Web,2024-06-08 11:20:03.239914+11:00
1,clickButton_OK_Web,2024-06-08 11:20:06.448914+11:00
1,paste_Area_Web,2024-06-08 11:20:07.448914+11:00
1,clickButton_OK_Web,2024-06-08 11:20:11.786914+11:00
1,openFile_Excel_Sheet1_data_xls,2024-06-08 11:20:12.786914+11:00
1,insertValue_name_Web,2024-06-08 11:20:13.786914+11:00
1,insertValue_surname_Web,2024-06-08 11:20:25.901914+11:00
1,insertValue_age_Web,2024-06-08 11:20:34.416914+11:00
1,insertValue_type_Web,2024-06-08 11:20:42.144914+11:00
1,clickButton_confirm_Web,2024-06-08 11:20:52.422914+11:00
1,clickButton_B5_Web,2024-06-08 11:20:55.153914+11:00
1,insertBoolValue_Australian_Web,2024-06-08 11:20:58.367914+11:00
1,clickButton_Button6_Web,2024-06-08 11:21:07.460914+11:00
1,openFile_Excel_Sheet1_data_xls,2024-06-08 11:21:10.021914+11:00
1,copy_B_Excel_Special_code,2024-06-08 11:21:20.782914+11:00
1,paste_Special_code_Web,2024-06-08 11:21:23.520914+11:00
1,paste_Country_Web,2024-06-08 11:21:26.964914+11:00
1,goToUrl_www_webpage_com_Web,2024-06-08 11:21:29.339914+11:00
1,clickButton_Button9_Web,2024-06-08 11:21:41.987914+11:00
1,clickButton_OK_Web,2024-06-08 11:21:47.215914+11:00
1,goToUrl_www_webpage_com_Web,2024-06-08 11:21:48.215914+11:00
1,insertValue_username_Web,2024-06-08 11:21:56.126914+11:00
1,insertValue_password_Web,2024-06-08 11:22:04.687914+11:00
1,clickButton_confirm_Web,2024-06-08 11:22:04.785914+11:00
1,waitResponse_www_webpage_com_ok_Web,2024-06-08 11:22:07.345914+11:00
1,clickButton_Button1_Web,2024-06-08 11:22:20.670914+11:00
1,clickButton_B2_Web,2024-06-08 11:22:24.205914+11:00
1,insertValue_ID_Web,2024-06-08 11:22:27.253914+11:00
1,copy_B_Excel_Special_code,2024-06-08 11:22:31.696914+11:00
1,paste_Special_code_Web,2024-06-08 11:22:35.328914+11:00
1,copy_B_Excel_Area,2024-06-08 11:22:37.442914+11:00
1,paste_Area_Web,2024-06-08 11:22:41.856914+11:00
1,clickButton_OK_Web,2024-06-08 11:22:45.338914+11:00
1,openFile_Excel_Sheet1_data_xls,2024-06-08 11:22:46.338914+11:00
1,goToUrl_www_webpage_com_Web,2024-06-08 11:22:58.709914+11:00
1,insertValue_username_Web,2024-06-08 11:23:09.554914+11:00
1,insertValue_name_Web,2024-06-08 11:23:10.554914+11:00
1,insertValue_surname_Web,2024-06-08 11:23:20.064914+11:00
1,insertValue_age_Web,2024-06-08 11:23:26.105914+11:00
1,insertValue_type_Web,2024-06-08 11:23:30.050914+11:00
1,clickButton_confirm_Web,2024-06-08 11:23:34.810914+11:00
1,clickButton_B5_Web,2024-06-08 11:23:38.141914+11:00
1,insertBoolValue_Australian_Web,2024-06-08 11:23:40.808914+11:00
1,clickButton_Button6_Web,2024-06-08 11:23:56.530914+11:00
1,openFile_Excel_Sheet1_data_xls,2024-06-08 11:23:59.752914+11:00
1,copy_B_Excel_Special_code,2024-06-08 11:24:04.479914+11:00
1,paste_Special_code_Web,2024-06-08 11:24:07.086914+11:00
1,paste_Country_Web,2024-06-08 11:24:08.920914+11:00
1,goToUrl_www_webpage_com_Web,2024-06-08 11:24:11.325914+11:00
1,clickButton_Button9_Web,2024-06-08 11:24:27.151914+11:00
1,clickButton_OK_Web,2024-06-08 11:24:30.645914+11:00
1,insertValue_password_Web,2024-06-08 11:24:31.645914+11:00
1,clickButton_confirm_Web,2024-06-08 11:24:37.231914+11:00
1,waitResponse_www_webpage_com_ok_Web,2024-06-08 11:24:39.901914+11:00
1,clickButton_Button1_Web,2024-06-08 11:24:53.761914+11:00
1,clickButton_B2_Web,2024-06-08 11:24:54.418914+11:00
1,insertValue_ID_Web,2024-06-08 11:24:57.101914+11:00
1,copy_B_Excel_Special_code,2024-06-08 11:24:58.925914+11:00
1,paste_Special_code_Web,2024-06-08 11:25:01.343914+11:00
1,copy_B_Excel_Area,2024-06-08 11:25:04.729914+11:00
1,paste_Area_Web,2024-06-08 11:25:06.924914+11:00
1,clickButton_OK_Web,2024-06-08 11:25:10.929914+11:00
1,openFile_Excel_Sheet1_data_xls,2024-06-08 11:25:11.929914+11:00
1,goToUrl_www_webpage_com_Web,2024-06-08 11:25:20.735914+11:00
1,insertValue_username_Web,2024-06-08 11:25:23.360914+11:00
1,insertValue_password_Web,2024-06-08 11:25:29.923914+11:00
1,clickButton_confirm_Web,2024-06-08 11:25:46.252914+11:00
1,waitResponse_www_webpage_com_ok_Web,2024-06-08 11:25:49.743914+11:00
1,clickButton_Button1_Web,2024-06-08 11:25:58.728914+11:00
1,clickButton_B2_Web,2024-06-08 11:26:03.130914+11:00
1,insertValue_ID_Web,2024-06-08 11:26:05.929914+11:00
1,copy_B_Excel_Special_code,2024-06-08 11:26:10.184914+11:00
1,insertValue_name_Web,2024-06-08 11:26:11.184914+11:00
1,insertValue_surname_Web,2024-06-08 11:26:27.858914+11:00
1,insertValue_age_Web,2024-06-08 11:26:34.458914+11:00
1,insertValue_type_Web,2024-06-08 11:26:37.746914+11:00
1,clickButton_confirm_Web,2024-06-08 11:26:50.258914+11:00
1,clickButton_B5_Web,2024-06-08 11:26:55.068914+11:00
1,insertBoolValue_Australian_Web,2024-06-08 11:26:59.522914+11:00
1,clickButton_Button6_Web,2024-06-08 11:27:09.830914+11:00
1,openFile_Excel_Sheet1_data_xls,2024-06-08 11:27:11.686914+11:00
1,copy_B_Excel_Special_code,2024-06-08 11:27:13.778914+11:00
1,paste_Special_code_Web,2024-06-08 11:27:16.040914+11:00
1,paste_Country_Web,2024-06-08 11:27:18.823914+11:00
1,goToUrl_www_webpage_com_Web,2024-06-08 11:27:20.437914+11:00
1,clickButton_Button9_Web,2024-06-08 11:27:31.583914+11:00
1,clickButton_OK_Web,2024-06-08 11:27:34.088914+11:00
1,paste_Special_code_Web,2024-06-08 11:27:35.088914+11:00
1,copy_B_Excel_Area,2024-06-08 11:27:39.214914+11:00
1,paste_Area_Web,2024-06-08 11:27:40.928914+11:00
1,clickButton_OK_Web,2024-06-08 11:27:45.576914+11:00
1,openFile_Excel_Sheet1_data_xls,2024-06-08 11:27:46.576914+11:00
1,goToUrl_www_webpage_com_Web,2024-06-08 11:28:04.791914+11:00
1,insertValue_name_Web,2024-06-08 11:28:05.791914+11:00
1,insertValue_surname_Web,2024-06-08 11:28:11.184914+11:00
1,insertValue_age_Web,2024-06-08 11:28:22.821914+11:00
1,insertValue_type_Web,2024-06-08 11:28:33.159914+11:00
1,clickButton_confirm_Web,2024-06-08 11:28:41.882914+11:00
1,clickButton_B5_Web,2024-06-08 11:28:44.482914+11:00
1,insertBoolValue_Australian_Web,2024-06-08 11:28:47.908914+11:00
1,clickButton_Button6_Web,2024-06-08 11:28:54.682914+11:00
1,openFile_Excel_Sheet1_data_xls,2024-06-08 11:28:58.643914+11:00
1,copy_B_Excel_Special_code,2024-06-08 11:29:10.140914+11:00
1,paste_Special_code_Web,2024-06-08 11:29:14.045914+11:00
1,paste_Country_Web,2024-06-08 11:29:16.747914+11:00
1,goToUrl_www_webpage_com_Web,2024-06-08 11:29:19.152914+11:00
1,clickButton_Button9_Web,2024-06-08 11:29:36.075914+11:00
1,clickButton_OK_Web,2024-06-08 11:29:38.232914+11:00
1,insertValue_username_Web,2024-06-08 11:29:39.232914+11:00
1,insertValue_password_Web,2024-06-08 11:29:49.367914+11:00
1,clickButton_confirm_Web,2024-06-08 11:29:51.603914+11:00
1,waitResponse_www_webpage_com_ok_Web,2024-06-08 11:29:53.964914+11:00
1,clickButton_Button1_Web,2024-06-08 11:30:06.292914+11:00
1,clickButton_B2_Web,2024-06-08 11:30:09.036914+11:00
1,insertValue_ID_Web,2024-06-08 11:30:13.605914+11:00
1,copy_B_Excel_Special_code,2024-06-08 11:30:14.397914+11:00
1,paste_Special_code_Web,2024-06-08 11:30:17.670914+11:00
1,copy_B_Excel_Area,2024-06-08 11:30:20.115914+11:00
1,paste_Area_Web,2024-06-08 11:30:22.539914+11:00
1,clickButton_OK_Web,2024-06-08 11:30:24.495914+11:00
1,insertValue_name_Web,2024-06-08 11:30:25.495914+11:00
1,insertValue_surname_Web,2024-06-08 11:30:36.579914+11:00
1,insertValue_age_Web,2024-06-08 11:30:47.734914+11:00
1,insertValue_type_Web,2024-06-08 11:30:59.317914+11:00
1,clickButton_confirm_Web,2024-06-08 11:31:08.424914+11:00
1,openFile_Excel_Sheet1_data_xls,2024-06-08 11:31:09.424914+11:00
1,goToUrl_www_webpage_com_Web,2024-06-08 11:31:21.132914+11:00
1,insertValue_username_Web,2024-06-08 11:31:28.003914+11:00
1,insertValue_password_Web,2024-06-08 11:31:33.430914+11:00
1,clickButton_confirm_Web,2024-06-08 11:31:33.431914+11:00
1,waitResponse_www_webpage_com_ok_Web,2024-06-08 11:31:37.090914+11:00
1,clickButton_Button1_Web,2024-06-08 11:31:49.860914+11:00
1,clickButton_B2_Web,2024-06-08 11:31:53.063914+11:00
1,insertValue_ID_Web,2024-06-08 11:31:56.195914+11:00
1,copy_B_Excel_Special_code,2024-06-08 11:31:57.627914+11:00
1,paste_Special_code_Web,2024-06-08 11:32:01.275914+11:00
1,copy_B_Excel_Area,2024-06-08 11:32:05.173914+11:00
1,paste_Area_Web,2024-06-08 11:32:10.345914+11:00
1,clickButton_OK_Web,2024-06-08 11:32:12.439914+11:00
1,clickButton_B5_Web,2024-06-08 11:32:13.439914+11:00
1,insertBoolValue_Australian_Web,2024-06-08 11:32:17.972914+11:00
1,clickButton_Button6_Web,2024-06-08 11:32:27.700914+11:00
1,openFile_Excel_Sheet1_data_xls,2024-06-08 11:32:33.448914+11:00
1,copy_B_Excel_Special_code,2024-06-08 11:32:38.631914+11:00
1,paste_Special_code_Web,2024-06-08 11:32:41.736914+11:00
1,paste_Country_Web,2024-06-08 11:32:45.139914+11:00
1,goToUrl_www_webpage_com_Web,2024-06-08 11:32:48.023914+11:00
1,clickButton_Button9_Web,2024-06-08 11:32:59.448914+11:00
1,clickButton_OK_Web,2024-06-08 11:33:00.676914+11:00
1,insertValue_name_Web,2024-06-08 11:33:01.676914+11:00
1,insertValue_surname_Web,2024-06-08 11:33:07.525914+11:00
1,insertValue_age_Web,2024-06-08 11:33:16.077914+11:00
1,insertValue_type_Web,2024-06-08 11:33:17.959914+11:00
1,clickButton_confirm_Web,2024-06-08 11:33:33.689914+11:00
1,clickButton_B5_Web,2024-06-08 11:33:35.505914+11:00
1,insertBoolValue_Australian_Web,2024-06-08 11:33:37.528914+11:00
1,clickButton_Button6_Web,2024-06-08 11:33:46.272914+11:00
1,openFile_Excel_Sheet1_data_xls,2024-06-08 11:33:48.614914+11:00
1,copy_B_Excel_Special_code,2024-06-08 11:33:58.456914+11:00
1,paste_Special_code_Web,2024-06-08 11:34:01.754914+11:00
1,openFile_Excel_Sheet1_data_xls,2024-06-08 11:34:02.754914+11:00
1,goToUrl_www_webpage_com_Web,2024-06-08 11:34:15.306914+11:00
1,insertValue_username_Web,2024-06-08 11:34:28.170914+11:00
1,insertValue_password_Web,2024-06-08 11:34:37.791914+11:00
1,clickButton_confirm_Web,2024-06-08 11:34:55.015914+11:00
1,waitResponse_www_webpage_com_ok_Web,2024-06-08 11:34:58.205914+11:00
1,clickButton_Button1_Web,2024-06-08 11:35:04.767914+11:00
1,clickButton_B2_Web,2024-06-08 11:35:08.524914+11:00
1,insertValue_ID_Web,2024-06-08 11:35:12.669914+11:00
1,copy_B_Excel_Special_code,2024-06-08 11:35:15.394914+11:00
1,paste_Special_code_Web,2024-06-08 11:35:16.269914+11:00
1,copy_B_Excel_Area,2024-06-08 11:35:21.017914+11:00
1,paste_Area_Web,2024-06-08 11:35:24.636914+11:00
1,clickButton_OK_Web,2024-06-08 11:35:26.395914+11:00
1,paste_Country_Web,2024-06-08 11:35:27.395914+11:00
1,goToUrl_www_webpage_com_Web,2024-06-08 11:35:31.653914+11:00
1,clickButton_Button9_Web,2024-06-08 11:35:43.200914+11:00
1,clickButton_OK_Web,2024-06-08 11:35:45.622914+11:00
1,openFile_Excel_Sheet1_data_xls,2024-06-08 11:35:46.622914+11:00
1,goToUrl_www_webpage_com_Web,2024-06-08 11:35:58.084914+11:00
1,insertValue_username_Web,2024-06-08 11:36:07.176914+11:00
1,insertValue_password_Web,2024-06-08 11:36:18.893914+11:00
1,clickButton_confirm_Web,2024-06-08 11:36:32.966914+11:00
1,insertValue_name_Web,2024-06-08 11:36:33.966914+11:00
1,insertValue_surname_Web,2024-06-08 11:36:42.248914+11:00
1,insertValue_age_Web,2024-06-08 11:36:54.067914+11:00
1,insertValue_type_Web,2024-06-08 11:37:05.838914+11:00
1,clickButton_confirm_Web,2024-06-08 11:37:15.655914+11:00
1,clickButton_B5_Web,2024-06-08 11:37:18.862914+11:00
1,insertBoolValue_Australian_Web,2024-06-08 11:37:21.860914+11:00
1,clickButton_Button6_Web,2024-06-08 11:37:31.083914+11:00
1,openFile_Excel_Sheet1_data_xls,2024-06-08 11:37:34.468914+11:00
1,copy_B_Excel_Special_code,2024-06-08 11:37:37.400914+11:00
1,paste_Special_code_Web,2024-06-08 11:37:41.453914+11:00
1,paste_Country_Web,2024-06-08 11:37:45.621914+11:00
1,goToUrl_www_webpage_com_Web,2024-06-08 11:37:49.265914+11:00
1,clickButton_Button9_Web,2024-06-08 11:38:16.020914+11:00
1,clickButton_OK_Web,2024-06-08 11:38:19.351914+11:00
1,waitResponse_www_webpage_com_ok_Web,2024-06-08 11:38:20.351914+11:00
1,clickButton_Button1_Web,2024-06-08 11:38:32.000914+11:00
1,clickButton_B2_Web,2024-06-08 11:38:36.470914+11:00
1,insertValue_ID_Web,2024-06-08 11:38:36.936914+11:00
1,copy_B_Excel_Special_code,2024-06-08 11:38:39.565914+11:00
1,paste_Special_code_Web,2024-06-08 11:38:43.133914+11:00
1,copy_B_Excel_Area,2024-06-08 11:38:46.880914+11:00
1,paste_Area_Web,2024-06-08 11:38:49.366914+11:00
1,clickButton_OK_Web,2024-06-08 11:38:53.469914+11:00
1,openFile_Excel_Sheet1_data_xls,2024-06-08 11:38:54.469914+11:00
1,goToUrl_www_webpage_com_Web,2024-06-08 11:39:04.741914+11:00
1,insertValue_username_Web,2024-06-08 11:39:14.230914+11:00
1,insertValue_password_Web,2024-06-08 11:39:23.857914+11:00
1,clickButton_confirm_Web,2024-06-08 11:39:39.679914+11:00
1,insertValue_name_Web,2024-06-08 11:39:40.679914+11:00
1,insertValue_surname_Web,2024-06-08 11:39:51.045914+11:00
1,insertValue_age_Web,2024-06-08 11:39:51.890914+11:00
1,insertValue_type_Web,2024-06-08 11:40:02.058914+11:00
1,clickButton_confirm_Web,2024-06-08 11:40:04.681914+11:00
1,clickButton_B5_Web,2024-06-08 11:40:07.647914+11:00
1,insertBoolValue_Australian_Web,2024-06-08 11:40:10.422914+11:00
1,clickButton_Button6_Web,2024-06-08 11:40:20.010914+11:00
1,openFile_Excel_Sheet1_data_xls,2024-06-08 11:40:23.555914+11:00
1,copy_B_Excel_Special_code,2024-06-08 11:40:30.288914+11:00
1,paste_Special_code_Web,2024-06-08 11:40:34.719914+11:00
1,paste_Country_Web,2024-06-08 11:40:37.507914+11:00
1,goToUrl_www_webpage_com_Web,2024-06-08 11:40:40.301914+11:00
1,clickButton_Button9_Web,2024-06-08 11:40:47.114914+11:00
1,clickButton_OK_Web,2024-06-08 11:40:48.754914+11:00
1,waitResponse_www_webpage_com_ok_Web,2024-06-08 11:40:49.754914+11:00
1,clickButton_Button1_Web,2024-06-08 11:40:59.603914+11:00
1,clickButton_B2_Web,2024-06-08 11:41:01.980914+11:00
1,insertValue_ID_Web,2024-06-08 11:41:06.178914+11:00
1,copy_B_Excel_Special_code,2024-06-08 11:41:08.323914+11:00
1,paste_Special_code_Web,2024-06-08 11:41:12.755914+11:00
1,copy_B_Excel_Area,2024-06-08 11:41:16.115914+11:00
1,paste_Area_Web,2024-06-08 11:41:20.461914+11:00
1,clickButton_OK_Web,2024-06-08 11:41:22.833914+11:00
1,insertValue_name_Web,2024-06-08 11:41:23.833914+11:00
1,insertValue_surname_Web,2024-06-08 11:41:23.834914+11:00
1,insertValue_age_Web,2024-06-08 11:41:24.618914+11:00
1,insertValue_type_Web,2024-06-08 11:41:24.619914+11:00
1,clickButton_confirm_Web,2024-06-08 11:41:30.919914+11:00
1,clickButton_B5_Web,2024-06-08 11:41:33.356914+11:00
1,insertBoolValue_Australian_Web,2024-06-08 11:41:34.568914+11:00
1,openFile_Excel_Sheet1_data_xls,2024-06-08 11:41:35.568914+11:00
1,goToUrl_www_webpage_com_Web,2024-06-08 11:41:35.973914+11:00
1,insertValue_username_Web,2024-06-08 11:41:43.476914+11:00
1,insertValue_password_Web,2024-06-08 11:41:47.514914+11:00
1,clickButton_confirm_Web,2024-06-08 11:41:58.401914+11:00
1,waitResponse_www_webpage_com_ok_Web,2024-06-08 11:42:02.662914+11:00
1,clickButton_Button1_Web,2024-06-08 11:42:13.530914+11:00
1,clickButton_B2_Web,2024-06-08 11:42:15.100914+11:00
1,insertValue_ID_Web,2024-06-08 11:42:18.155914+11:00
1,copy_B_Excel_Special_code,2024-06-08 11:42:20.590914+11:00
1,paste_Special_code_Web,2024-06-08 11:42:22.823914+11:00
1,copy_B_Excel_Area,2024-06-08 11:42:25.380914+11:00
1,paste_Area_Web,2024-06-08 11:42:29.706914+11:00
1,clickButton_OK_Web,2024-06-08 11:42:32.142914+11:00
1,clickButton_Button6_Web,2024-06-08 11:42:33.142914+11:00
1,openFile_Excel_Sheet1_data_xls,2024-06-08 11:42:37.380914+11:00
1,copy_B_Excel_Special_code,2024-06-08 11:42:44.317914+11:00
1,paste_Special_code_Web,2024-06-08 11:42:47.219914+11:00
1,paste_Country_Web,2024-06-08 11:42:49.369914+11:00
1,goToUrl_www_webpage_com_Web,2024-06-08 11:42:54.192914+11:00
1,clickButton_Button9_Web,2024-06-08 11:43:06.343914+11:00
1,clickButton_OK_Web,2024-06-08 11:43:11.115914+11:00
1,openFile_Excel_Sheet1_data_xls,2024-06-08 11:43:12.115914+11:00
1,goToUrl_www_webpage_com_Web,2024-06-08 11:43:20.606914+11:00
1,insertValue_username_Web,2024-06-08 11:43:41.905914+11:00
1,insertValue_password_Web,2024-06-08 11:43:43.181914+11:00
1,clickButton_confirm_Web,2024-06-08 11:43:47.512914+11:00
1,waitResponse_www_webpage_com_ok_Web,2024-06-08 11:43:50.909914+11:00
1,clickButton_Button1_Web,2024-06-08 11:43:58.694914+11:00
1,clickButton_B2_Web,2024-06-08 11:44:00.008914+11:00
1,insertValue_ID_Web,2024-06-08 11:44:05.918914+11:00
1,copy_B_Excel_Special_code,2024-06-08 11:44:08.434914+11:00
1,paste_Special_code_Web,2024-06-08 11:44:12.193914+11:00
1,copy_B_Excel_Area,2024-06-08 11:44:15.040914+11:00
1,insertValue_name_Web,2024-06-08 11:44:16.040914+11:00
1,insertValue_surname_Web,2024-06-08 11:44:20.814914+11:00
1,insertValue_age_Web,2024-06-08 11:44:27.797914+11:00
1,insertValue_type_Web,2024-06-08 11:44:38.971914+11:00
1,clickButton_confirm_Web,2024-06-08 11:44:48.377914+11:00
1,clickButton_B5_Web,2024-06-08 11:44:49.658914+11:00
1,insertBoolValue_Australian_Web,2024-06-08 11:44:52.329914+11:00
1,clickButton_Button6_Web,2024-06-08 11:45:08.106914+11:00
1,openFile_Excel_Sheet1_data_xls,2024-06-08 11:45:11.792914+11:00
1,copy_B_Excel_Special_code,2024-06-08 11:45:22.202914+11:00
1,paste_Special_code_Web,2024-06-08 11:45:25.290914+11:00
1,paste_Country_Web,2024-06-08 11:45:27.970914+11:00
1,goToUrl_www_webpage_com_Web,2024-06-08 11:45:30.081914+11:00
1,clickButton_Button9_Web,2024-06-08 11:45:31.497914+11:00
1,clickButton_OK_Web,2024-06-08 11:45:36.404914+11:00
1,paste_Area_Web,2024-06-08 11:45:37.404914+11:00
1,clickButton_OK_Web,2024-06-08 11:45:40.507914+11:00
1,openFile_Excel_Sheet1_data_xls,2024-06-08 11:45:41.507914+11:00
1,insertValue_name_Web,2024-06-08 11:45:42.507914+11:00
1,insertValue_surname_Web,2024-06-08 11:45:47.584914+11:00
1,insertValue_age_Web,2024-06-08 11:45:56.836914+11:00
1,insertValue_type_Web,2024-06-08 11:46:03.681914+11:00
1,clickButton_confirm_Web,2024-06-08 11:46:16.872914+11:00
1,clickButton_B5_Web,2024-06-08 11:46:19.317914+11:00
1,insertBoolValue_Australian_Web,2024-06-08 11:46:22.192914+11:00
1,clickButton_Button6_Web,2024-06-08 11:46:30.701914+11:00
1,openFile_Excel_Sheet1_data_xls,2024-06-08 11:46:34.780914+11:00
1,copy_B_Excel_Special_code,2024-06-08 11:46:42.135914+11:00
1,paste_Special_code_Web,2024-06-08 11:46:47.200914+11:00
1,paste_Country_Web,2024-06-08 11:46:49.914914+11:00
1,goToUrl_www_webpage_com_Web,2024-06-08 11:46:52.650914+11:00
1,clickButton_Button9_Web,2024-06-08 11:47:05.257914+11:00
1,clickButton_OK_Web,2024-06-08 11:47:06.478914+11:00
1,goToUrl_www_webpage_com_Web,2024-06-08 11:47:07.478914+11:00
1,insertValue_username_Web,2024-06-08 11:47:07.479914+11:00
1,insertValue_password_Web,2024-06-08 11:47:12.121914+11:00
1,clickButton_confirm_Web,2024-06-08 11:47:17.637914+11:00
1,waitResponse_www_webpage_com_ok_Web,2024-06-08 11:47:20.185914+11:00
1,clickButton_Button1_Web,2024-06-08 11:47:33.353914+11:00
1,clickButton_B2_Web,2024-06-08 11:47:36.516914+11:00
1,insertValue_ID_Web,2024-06-08 11:47:38.861914+11:00
1,copy_B_Excel_Special_code,2024-06-08 11:47:40.199914+11:00
1,paste_Special_code_Web,2024-06-08 11:47:42.962914+11:00
1,copy_B_Excel_Area,2024-06-08 11:47:45.813914+11:00
1,paste_Area_Web,2024-06-08 11:47:49.942914+11:00
1,clickButton_OK_Web,2024-06-08 11:47:52.646914+11:00
1,openFile_Excel_Sheet1_data_xls,2024-06-08 11:47:53.646914+11:00
1,goToUrl_www_webpage_com_Web,2024-06-08 11:48:12.999914+11:00
1,insertValue_username_Web,2024-06-08 11:48:20.499914+11:00
1,insertValue_password_Web,2024-06-08 11:48:33.321914+11:00
1,clickButton_confirm_Web,2024-06-08 11:48:36.096914+11:00
1,waitResponse_www_webpage_com_ok_Web,2024-06-08 11:48:38.264914+11:00
1,clickButton_Button1_Web,2024-06-08 11:48:42.449914+11:00
1,clickButton_B2_Web,2024-06-08 11:48:44.593914+11:00
1,insertValue_ID_Web,2024-06-08 11:48:46.346914+11:00
1,copy_B_Excel_Special_code,2024-06-08 11:48:48.782914+11:00
1,insertValue_name_Web,2024-06-08 11:48:49.782914+11:00
1,insertValue_surname_Web,2024-06-08 11:49:03.034914+11:00
1,insertValue_age_Web,2024-06-08 11:49:19.441914+11:00
1,insertValue_type_Web,2024-06-08 11:49:20.310914+11:00
1,clickButton_confirm_Web,2024-06-08 11:49:21.511914+11:00
1,clickButton_B5_Web,2024-06-08 11:49:25.525914+11:00
1,insertBoolValue_Australian_Web,2024-06-08 11:49:28.396914+11:00
1,clickButton_Button6_Web,2024-06-08 11:49:28.397914+11:00
1,openFile_Excel_Sheet1_data_xls,2024-06-08 11:49:30.125914+11:00
1,copy_B_Excel_Special_code,2024-06-08 11:49:37.281914+11:00
1,paste_Special_code_Web,2024-06-08 11:49:38.863914+11:00
1,paste_Country_Web,2024-06-08 11:49:43.025914+11:00
1,goToUrl_www_webpage_com_Web,2024-06-08 11:49:44.528914+11:00
1,clickButton_Button9_Web,2024-06-08 11:49:53.547914+11:00
1,clickButton_OK_Web,2024-06-08 11:49:56.968914+11:00
1,paste_Special_code_Web,2024-06-08 11:49:57.968914+11:00
1,copy_B_Excel_Area,2024-06-08 11:50:00.992914+11:00
1,paste_Area_Web,2024-06-08 11:50:02.798914+11:00
1,clickButton_OK_Web,2024-06-08 11:50:06.192914+11:00
1,insertValue_name_Web,2024-06-08 11:50:07.192914+11:00
1,insertValue_surname_Web,2024-06-08 11:50:15.712914+11:00
1,insertValue_age_Web,2024-06-08 11:50:26.771914+11:00
1,insertValue_type_Web,2024-06-08 11:50:40.934914+11:00
1,clickButton_confirm_Web,2024-06-08 11:50:49.695914+11:00
1,clickButton_B5_Web,2024-06-08 11:50:50.960914+11:00
1,insertBoolValue_Australian_Web,2024-06-08 11:50:52.362914+11:00
1,clickButton_Button6_Web,2024-06-08 11:51:05.450914+11:00
1,openFile_Excel_Sheet1_data_xls,2024-06-08 11:51:08.769914+11:00
1,copy_B_Excel_Special_code,2024-06-08 11:51:18.646914+11:00
1,paste_Special_code_Web,2024-06-08 11:51:22.523914+11:00
1,paste_Country_Web,2024-06-08 11:51:27.464914+11:00
1,openFile_Excel_Sheet1_data_xls,2024-06-08 11:51:28.464914+11:00
1,goToUrl_www_webpage_com_Web,2024-06-08 11:51:33.559914+11:00
1,insertValue_username_Web,2024-06-08 11:51:45.028914+11:00
1,insertValue_password_Web,2024-06-08 11:51:49.779914+11:00
1,clickButton_confirm_Web,2024-06-08 11:51:58.858914+11:00
1,waitResponse_www_webpage_com_ok_Web,2024-06-08 11:52:00.743914+11:00
1,clickButton_Button1_Web,2024-06-08 11:52:03.259914+11:00
1,clickButton_B2_Web,2024-06-08 11:52:05.936914+11:00
1,insertValue_ID_Web,2024-06-08 11:52:08.503914+11:00
1,copy_B_Excel_Special_code,2024-06-08 11:52:10.350914+11:00
1,paste_Special_code_Web,2024-06-08 11:52:13.183914+11:00
1,copy_B_Excel_Area,2024-06-08 11:52:17.948914+11:00
1,paste_Area_Web,2024-06-08 11:52:20.681914+11:00
1,clickButton_OK_Web,2024-06-08 11:52:24.850914+11:00
1,goToUrl_www_webpage_com_Web,2024-06-08 11:52:25.850914+11:00
1,clickButton_Button9_Web,2024-06-08 11:52:32.085914+11:00
1,clickButton_OK_Web,2024-06-08 11:52:35.075914+11:00
1,insertValue_name_Web,2024-06-08 11:52:36.075914+11:00
1,insertValue_surname_Web,2024-06-08 11:52:48.473914+11:00
1,insertValue_age_Web,2024-06-08 11:52:54.072914+11:00
1,insertValue_type_Web,2024-06-08 11:52:58.777914+11:00
1,clickButton_confirm_Web,2024-06-08 11:52:58.778914+11:00
1,clickButton_B5_Web,2024-06-08 11:52:59.473914+11:00
1,openFile_Excel_Sheet1_data_xls,2024-06-08 11:53:00.473914+11:00
1,goToUrl_www_webpage_com_Web,2024-06-08 11:53:09.983914+11:00
1,insertValue_username_Web,2024-06-08 11:53:12.016914+11:00
1,insertValue_password_Web,2024-06-08 11:53:21.100914+11:00
1,clickButton_confirm_Web,2024-06-08 11:53:29.240914+11:00
1,waitResponse_www_webpage_com_ok_Web,2024-06-08 11:53:31.944914+11:00
1,clickButton_Button1_Web,2024-06-08 11:53:57.920914+11:00
1,clickButton_B2_Web,2024-06-08 11:53:59.860914+11:00
1,insertValue_ID_Web,2024-06-08 11:54:03.052914+11:00
1,copy_B_Excel_Special_code,2024-06-08 11:54:06.689914+11:00
1,paste_Special_code_Web,2024-06-08 11:54:10.667914+11:00
1,copy_B_Excel_Area,2024-06-08 11:54:13.608914+11:00
1,paste_Area_Web,2024-06-08 11:54:16.906914+11:00
1,clickButton_OK_Web,2024-06-08 11:54:20.959914+11:00
1,insertBoolValue_Australian_Web,2024-06-08 11:54:21.959914+11:00
1,clickButton_Button6_Web,2024-06-08 11:54:36.102914+11:00
1,openFile_Excel_Sheet1_data_xls,2024-06-08 11:54:38.858914+11:00
1,copy_B_Excel_Special_code,2024-06-08 11:54:43.042914+11:00
1,paste_Special_code_Web,2024-06-08 11:54:46.992914+11:00
1,paste_Country_Web,2024-06-08 11:54:49.731914+11:00
1,goToUrl_www_webpage_com_Web,2024-06-08 11:54:53.802914+11:00
1,clickButton_Button9_Web,2024-06-08 11:54:57.998914+11:00
1,clickButton_OK_Web,2024-06-08 11:55:01.320914+11:00
1,insertValue_name_Web,2024-06-08 11:55:02.320914+11:00
1,insertValue_surname_Web,2024-06-08 11:55:09.990914+11:00
1,insertValue_age_Web,2024-06-08 11:55:23.499914+11:00
1,insertValue_type_Web,2024-06-08 11:55:24.664914+11:00
1,clickButton_confirm_Web,2024-06-08 11:55:24.665914+11:00
1,clickButton_B5_Web,2024-06-08 11:55:28.929914+11:00
1,insertBoolValue_Australian_Web,2024-06-08 11:55:32.935914+11:00
1,clickButton_Button6_Web,2024-06-08 11:55:38.921914+11:00
1,openFile_Excel_Sheet1_data_xls,2024-06-08 11:55:41.537914+11:00
1,copy_B_Excel_Special_code,2024-06-08 11:55:51.020914+11:00
1,paste_Special_code_Web,2024-06-08 11:55:55.158914+11:00
1,paste_Country_Web,2024-06-08 11:55:57.490914+11:00
1,goToUrl_www_webpage_com_Web,2024-06-08 11:55:59.513914+11:00
1,openFile_Excel_Sheet1_data_xls,2024-06-08 11:56:00.513914+11:00
1,goToUrl_www_webpage_com_Web,2024-06-08 11:56:09.021914+11:00
1,insertValue_username_Web,2024-06-08 11:56:15.349914+11:00
1,insertValue_password_Web,2024-06-08 11:56:19.836914+11:00
1,clickButton_confirm_Web,2024-06-08 11:56:32.863914+11:00
1,waitResponse_www_webpage_com_ok_Web,2024-06-08 11:56:34.893914+11:00
1,clickButton_Button1_Web,2024-06-08 11:56:42.907914+11:00
1,clickButton_B2_Web,2024-06-08 11:56:44.564914+11:00
1,insertValue_ID_Web,2024-06-08 11:56:46.285914+11:00
1,copy_B_Excel_Special_code,2024-06-08 11:56:49.304914+11:00
1,paste_Special_code_Web,2024-06-08 11:56:51.277914+11:00
1,copy_B_Excel_Area,2024-06-08 11:56:54.635914+11:00
1,paste_Area_Web,2024-06-08 11:56:58.894914+11:00
1,clickButton_OK_Web,2024-06-08 11:57:01.339914+11:00
1,clickButton_Button9_Web,2024-06-08 11:57:02.339914+11:00
1,clickButton_OK_Web,2024-06-08 11:57:03.585914+11:00
1,openFile_Excel_Sheet1_data_xls,2024-06-08 11:57:04.585914+11:00
1,goToUrl_www_webpage_com_Web,2024-06-08 11:57:10.871914+11:00
1,insertValue_name_Web,2024-06-08 11:57:11.871914+11:00
1,insertValue_surname_Web,2024-06-08 11:57:18.542914+11:00
1,insertValue_age_Web,2024-06-08 11:57:22.543914+11:00
1,insertValue_type_Web,2024-06-08 11:57:34.053914+11:00
1,clickButton_confirm_Web,2024-06-08 11:57:42.850914+11:00
1,clickButton_B5_Web,2024-06-08 11:57:45.618914+11:00
1,insertBoolValue_Australian_Web,2024-06-08 11:57:46.423914+11:00
1,clickButton_Button6_Web,2024-06-08 11:57:51.813914+11:00
1,openFile_Excel_Sheet1_data_xls,2024-06-08 11:57:54.349914+11:00
1,copy_B_Excel_Special_code,2024-06-08 11:58:00.234914+11:00
1,paste_Special_code_Web,2024-06-08 11:58:04.230914+11:00
1,paste_Country_Web,2024-06-08 11:58:06.279914+11:00
1,goToUrl_www_webpage_com_Web,2024-06-08 11:58:09.433914+11:00
1,clickButton_Button9_Web,2024-06-08 11:58:14.600914+11:00
1,clickButton_OK_Web,2024-06-08 11:58:18.029914+11:00
1,insertValue_username_Web,2024-06-08 11:58:19.029914+11:00
1,insertValue_password_Web,2024-06-08 11:58:24.745914+11:00
1,clickButton_confirm_Web,2024-06-08 11:58:38.014914+11:00
1,waitResponse_www_webpage_com_ok_Web,2024-06-08 11:58:41.581914+11:00
1,clickButton_Button1_Web,2024-06-08 11:58:46.362914+11:00
1,clickButton_B2_Web,2024-06-08 11:58:51.605914+11:00
1,insertValue_ID_Web,2024-06-08 11:58:55.838914+11:00
1,copy_B_Excel_Special_code,2024-06-08 11:58:58.925914+11:00
1,paste_Special_code_Web,2024-06-08 11:59:02.454914+11:00
1,copy_B_Excel_Area,2024-06-08 11:59:06.610914+11:00
1,paste_Area_Web,2024-06-08 11:59:11.084914+11:00
1,clickButton_OK_Web,2024-06-08 11:59:14.033914+11:00
1,insertValue_name_Web,2024-06-08 11:59:15.033914+11:00
1,insertValue_surname_Web,2024-06-08 11:59:29.995914+11:00
1,insertValue_age_Web,2024-06-08 11:59:45.177914+11:00
1,insertValue_type_Web,2024-06-08 11:59:50.878914+11:00
1,clickButton_confirm_Web,2024-06-08 11:59:59.958914+11:00
1,openFile_Excel_Sheet1_data_xls,2024-06-08 12:00:00.958914+11:00
1,goToUrl_www_webpage_com_Web,2024-06-08 12:00:03.338914+11:00
1,insertValue_username_Web,2024-06-08 12:00:11.261914+11:00
1,insertValue_password_Web,2024-06-08 12:00:15.152914+11:00
1,clickButton_confirm_Web,2024-06-08 12:00:18.598914+11:00
1,waitResponse_www_webpage_com_ok_Web,2024-06-08 12:00:20.767914+11:00
1,clickButton_Button1_Web,2024-06-08 12:00:27.417914+11:00
1,clickButton_B2_Web,2024-06-08 12:00:30.360914+11:00
1,insertValue_ID_Web,2024-06-08 12:00:34.818914+11:00
1,copy_B_Excel_Special_code,2024-06-08 12:00:38.077914+11:00
1,paste_Special_code_Web,2024-06-08 12:00:41.886914+11:00
1,copy_B_Excel_Area,2024-06-08 12:00:45.100914+11:00
1,paste_Area_Web,2024-06-08 12:00:47.922914+11:00
1,clickButton_OK_Web,2024-06-08 12:00:49.982914+11:00
1,clickButton_B5_Web,2024-06-08 12:00:50.982914+11:00
1,insertBoolValue_Australian_Web,2024-06-08 12:00:54.115914+11:00
1,clickButton_Button6_Web,2024-06-08 12:01:00.640914+11:00
1,openFile_Excel_Sheet1_data_xls,2024-06-08 12:01:02.483914+11:00
1,copy_B_Excel_Special_code,2024-06-08 12:01:08.207914+11:00
1,paste_Special_code_Web,2024-06-08 12:01:10.091914+11:00
1,paste_Country_Web,2024-06-08 12:01:14.341914+11:00
1,goToUrl_www_webpage_com_Web,2024-06-08 12:01:16.165914+11:00
1,clickButton_Button9_Web,2024-06-08 12:01:22.148914+11:00
1,clickButton_OK_Web,2024-06-08 12:01:26.267914+11:00
1,openFile_Excel_Sheet1_data_xls,2024-06-08 12:01:27.267914+11:00
1,goToUrl_www_webpage_com_Web,2024-06-08 12:01:34.908914+11:00
1,insertValue_username_Web,2024-06-08 12:01:39.350914+11:00
1,insertValue_password_Web,2024-06-08 12:01:41.771914+11:00
1,clickButton_confirm_Web,2024-06-08 12:01:46.050914+11:00
1,waitResponse_www_webpage_com_ok_Web,2024-06-08 12:01:49.634914+11:00
1,clickButton_Button1_Web,2024-06-08 12:02:06.782914+11:00
1,clickButton_B2_Web,2024-06-08 12:02:10.585914+11:00
1,insertValue_ID_Web,2024-06-08 12:02:14.924914+11:00
1,copy_B_Excel_Special_code,2024-06-08 12:02:17.473914+11:00
1,paste_Special_code_Web,2024-06-08 12:02:18.941914+11:00
1,copy_B_Excel_Area,2024-06-08 12:02:23.253914+11:00
1,paste_Area_Web,2024-06-08 12:02:27.997914+11:00
1,insertValue_name_Web,2024-06-08 12:02:28.997914+11:00
1,insertValue_surname_Web,2024-06-08 12:02:37.316914+11:00
1,insertValue_age_Web,2024-06-08 12:02:44.700914+11:00
1,insertValue_type_Web,2024-06-08 12:02:50.287914+11:00
1,clickButton_confirm_Web,2024-06-08 12:02:55.265914+11:00
1,clickButton_B5_Web,2024-06-08 12:02:58.997914+11:00
1,insertBoolValue_Australian_Web,2024-06-08 12:03:01.900914+11:00
1,clickButton_Button6_Web,2024-06-08 12:03:09.221914+11:00
1,openFile_Excel_Sheet1_data_xls,2024-06-08 12:03:12.995914+11:00
1,copy_B_Excel_Special_code,2024-06-08 12:03:29.377914+11:00
1,paste_Special_code_Web,2024-06-08 12:03:33.090914+11:00
1,paste_Country_Web,2024-06-08 12:03:36.953914+11:00
1,goToUrl_www_webpage_com_Web,2024-06-08 12:03:39.464914+11:00
1,clickButton_Button9_Web,2024-06-08 12:03:49.652914+11:00
1,clickButton_OK_Web,2024-06-08 12:03:53.691914+11:00
1,clickButton_OK_Web,2024-06-08 12:03:54.691914+11:00
1,openFile_Excel_Sheet1_data_xls,2024-06-08 12:03:55.691914+11:00
1,goToUrl_www_webpage_com_Web,2024-06-08 12:03:55.692914+11:00
1,insertValue_username_Web,2024-06-08 12:04:05.602914+11:00
1,insertValue_password_Web,2024-06-08 12:04:10.346914+11:00
1,insertValue_name_Web,2024-06-08 12:04:11.346914+11:00
1,insertValue_surname_Web,2024-06-08 12:04:15.100914+11:00
1,insertValue_age_Web,2024-06-08 12:04:17.377914+11:00
1,insertValue_type_Web,2024-06-08 12:04:20.548914+11:00
1,clickButton_confirm_Web,2024-06-08 12:04:29.778914+11:00
1,clickButton_B5_Web,2024-06-08 12:04:32.535914+11:00
1,insertBoolValue_Australian_Web,2024-06-08 12:04:36.142914+11:00
1,clickButton_Button6_Web,2024-06-08 12:04:42.640914+11:00
1,openFile_Excel_Sheet1_data_xls,2024-06-08 12:04:47.638914+11:00
1,copy_B_Excel_Special_code,2024-06-08 12:05:03.870914+11:00
1,paste_Special_code_Web,2024-06-08 12:05:06.698914+11:00
1,paste_Country_Web,2024-06-08 12:05:08.642914+11:00
1,goToUrl_www_webpage_com_Web,2024-06-08 12:05:10.931914+11:00
1,clickButton_Button9_Web,2024-06-08 12:05:16.485914+11:00
1,clickButton_OK_Web,2024-06-08 12:05:20.581914+11:00
1,clickButton_confirm_Web,2024-06-08 12:05:21.581914+11:00
1,waitResponse_www_webpage_com_ok_Web,2024-06-08 12:05:24.627914+11:00
1,clickButton_Button1_Web,2024-06-08 12:05:33.661914+11:00
1,clickButton_B2_Web,2024-06-08 12:05:35.557914+11:00
1,insertValue_ID_Web,2024-06-08 12:05:37.651914+11:00
1,copy_B_Excel_Special_code,2024-06-08 12:05:40.727914+11:00
1,paste_Special_code_Web,2024-06-08 12:05:42.039914+11:00
1,copy_B_Excel_Area,2024-06-08 12:05:43.413914+11:00
1,paste_Area_Web,2024-06-08 12:05:45.353914+11:00
1,clickButton_OK_Web,2024-06-08 12:05:48.737914+11:00
1,openFile_Excel_Sheet1_data_xls,2024-06-08 12:05:49.737914+11:00
1,goToUrl_www_webpage_com_Web,2024-06-08 12:06:04.509914+11:00
1,insertValue_name_Web,2024-06-08 12:06:05.509914+11:00
1,insertValue_surname_Web,2024-06-08 12:06:05.510914+11:00
1,insertValue_age_Web,2024-06-08 12:06:12.430914+11:00
1,insertValue_type_Web,2024-06-08 12:06:23.660914+11:00
1,clickButton_confirm_Web,2024-06-08 12:06:39.809914+11:00
1,clickButton_B5_Web,2024-06-08 12:06:45.110914+11:00
1,insertBoolValue_Australian_Web,2024-06-08 12:06:48.380914+11:00
1,clickButton_Button6_Web,2024-06-08 12:06:53.789914+11:00
1,openFile_Excel_Sheet1_data_xls,2024-06-08 12:06:57.997914+11:00
1,copy_B_Excel_Special_code,2024-06-08 12:07:03.720914+11:00
1,paste_Special_code_Web,2024-06-08 12:07:06.438914+11:00
1,paste_Country_Web,2024-06-08 12:07:09.311914+11:00
1,goToUrl_www_webpage_com_Web,2024-06-08 12:07:10.310914+11:00
1,clickButton_Button9_Web,2024-06-08 12:07:16.992914+11:00
1,clickButton_OK_Web,2024-06-08 12:07:20.393914+11:00
1,insertValue_username_Web,2024-06-08 12:07:21.393914+11:00
1,insertValue_password_Web,2024-06-08 12:07:22.593914+11:00
1,clickButton_confirm_Web,2024-06-08 12:07:27.736914+11:00
1,waitResponse_www_webpage_com_ok_Web,2024-06-08 12:07:30.504914+11:00
1,clickButton_Button1_Web,2024-06-08 12:07:39.729914+11:00
1,clickButton_B2_Web,2024-06-08 12:07:41.962914+11:00
1,insertValue_ID_Web,2024-06-08 12:07:44.748914+11:00
1,copy_B_Excel_Special_code,2024-06-08 12:07:48.179914+11:00
1,paste_Special_code_Web,2024-06-08 12:07:50.498914+11:00
1,copy_B_Excel_Area,2024-06-08 12:07:53.728914+11:00
1,paste_Area_Web,2024-06-08 12:07:56.918914+11:00
1,clickButton_OK_Web,2024-06-08 12:08:01.473914+11:00
1,openFile_Excel_Sheet1_data_xls,2024-06-08 12:08:02.473914+11:00
1,goToUrl_www_webpage_com_Web,2024-06-08 12:08:15.988914+11:00
1,insertValue_name_Web,2024-06-08 12:08:16.988914+11:00
1,insertValue_surname_Web,2024-06-08 12:08:33.134914+11:00
1,insertValue_age_Web,2024-06-08 12:08:47.784914+11:00
1,insertValue_type_Web,2024-06-08 12:08:57.974914+11:00
1,clickButton_confirm_Web,2024-06-08 12:09:09.159914+11:00
1,clickButton_B5_Web,2024-06-08 12:09:12.382914+11:00
1,insertBoolValue_Australian_Web,2024-06-08 12:09:16.232914+11:00
1,clickButton_Button6_Web,2024-06-08 12:09:25.449914+11:00
1,openFile_Excel_Sheet1_data_xls,2024-06-08 12:09:25.852914+11:00
1,copy_B_Excel_Special_code,2024-06-08 12:09:29.527914+11:00
1,paste_Special_code_Web,2024-06-08 12:09:34.291914+11:00
1,paste_Country_Web,2024-06-08 12:09:36.794914+11:00
1,goToUrl_www_webpage_com_Web,2024-06-08 12:09:40.393914+11:00
1,clickButton_Button9_Web,2024-06-08 12:09:50.293914+11:00
1,clickButton_OK_Web,2024-06-08 12:09:52.690914+11:00
1,insertValue_username_Web,2024-06-08 12:09:53.690914+11:00
1,insertValue_password_Web,2024-06-08 12:10:03.537914+11:00
1,clickButton_confirm_Web,2024-06-08 12:10:13.610914+11:00
1,waitResponse_www_webpage_com_ok_Web,2024-06-08 12:10:15.948914+11:00
1,clickButton_Button1_Web,2024-06-08 12:10:21.141914+11:00
1,clickButton_B2_Web,2024-06-08 12:10:22.616914+11:00
1,insertValue_ID_Web,2024-06-08 12:10:23.505914+11:00
1,copy_B_Excel_Special_code,2024-06-08 12:10:27.310914+11:00
1,paste_Special_code_Web,2024-06-08 12:10:31.341914+11:00
1,copy_B_Excel_Area,2024-06-08 12:10:34.042914+11:00
1,paste_Area_Web,2024-06-08 12:10:37.017914+11:00
1,clickButton_OK_Web,2024-06-08 12:10:42.268914+11:00
1,openFile_Excel_Sheet1_data_xls,2024-06-08 12:10:43.268914+11:00
1,goToUrl_www_webpage_com_Web,2024-06-08 12:10:52.525914+11:00
1,insertValue_username_Web,2024-06-08 12:10:56.477914+11:00
1,insertValue_password_Web,2024-06-08 12:11:00.118914+11:00
1,insertValue_name_Web,2024-06-08 12:11:01.118914+11:00
1,insertValue_surname_Web,2024-06-08 12:11:14.841914+11:00
1,insertValue_age_Web,2024-06-08 12:11:19.700914+11:00
1,insertValue_type_Web,2024-06-08 12:11:24.408914+11:00
1,clickButton_confirm_Web,2024-06-08 12:11:26.017914+11:00
1,clickButton_B5_Web,2024-06-08 12:11:28.192914+11:00
1,insertBoolValue_Australian_Web,2024-06-08 12:11:30.195914+11:00
1,clickButton_Button6_Web,2024-06-08 12:11:42.128914+11:00
1,openFile_Excel_Sheet1_data_xls,2024-06-08 12:11:46.261914+11:00
1,copy_B_Excel_Special_code,2024-06-08 12:12:03.082914+11:00
1,paste_Special_code_Web,2024-06-08 12:12:05.556914+11:00
1,paste_Country_Web,2024-06-08 12:12:07.929914+11:00
1,goToUrl_www_webpage_com_Web,2024-06-08 12:12:09.598914+11:00
1,clickButton_Button9_Web,2024-06-08 12:12:21.329914+11:00
1,clickButton_OK_Web,2024-06-08 12:12:24.928914+11:00
1,clickButton_confirm_Web,2024-06-08 12:12:25.928914+11:00
1,waitResponse_www_webpage_com_ok_Web,2024-06-08 12:12:30.583914+11:00
1,clickButton_Button1_Web,2024-06-08 12:12:38.677914+11:00
1,clickButton_B2_Web,2024-06-08 12:12:40.199914+11:00
1,insertValue_ID_Web,2024-06-08 12:12:43.793914+11:00
1,copy_B_Excel_Special_code,2024-06-08 12:12:43.794914+11:00
1,paste_Special_code_Web,2024-06-08 12:12:47.075914+11:00
1,copy_B_Excel_Area,2024-06-08 12:12:50.168914+11:00
1,paste_Area_Web,2024-06-08 12:12:54.331914+11:00
1,clickButton_OK_Web,2024-06-08 12:12:56.515914+11:00
1,openFile_Excel_Sheet1_data_xls,2024-06-08 12:12:57.515914+11:00
1,goToUrl_www_webpage_com_Web,2024-06-08 12:12:59.929914+11:00
1,insertValue_username_Web,2024-06-08 12:13:11.634914+11:00
1,insertValue_password_Web,2024-06-08 12:13:28.965914+11:00
1,clickButton_confirm_Web,2024-06-08 12:13:50.915914+11:00
1,waitResponse_www_webpage_com_ok_Web,2024-06-08 12:13:54.146914+11:00
1,clickButton_Button1_Web,2024-06-08 12:14:05.075914+11:00
1,clickButton_B2_Web,2024-06-08 12:14:08.579914+11:00
1,insertValue_ID_Web,2024-06-08 12:14:09.692914+11:00
1,copy_B_Excel_Special_code,2024-06-08 12:14:13.029914+11:00
1,paste_Special_code_Web,2024-06-08 12:14:16.497914+11:00
1,copy_B_Excel_Area,2024-06-08 12:14:18.212914+11:00
1,paste_Area_Web,2024-06-08 12:14:20.946914+11:00
1,insertValue_name_Web,2024-06-08 12:14:21.946914+11:00
1,insertValue_surname_Web,2024-06-08 12:14:31.084914+11:00
1,insertValue_age_Web,2024-06-08 12:14:37.949914+11:00
1,insertValue_type_Web,2024-06-08 12:14:45.267914+11:00
1,clickButton_confirm_Web,2024-06-08 12:14:50.484914+11:00
1,clickButton_B5_Web,2024-06-08 12:14:51.804914+11:00
1,insertBoolValue_Australian_Web,2024-06-08 12:14:55.948914+11:00
1,clickButton_Button6_Web,2024-06-08 12:15:01.843914+11:00
1,openFile_Excel_Sheet1_data_xls,2024-06-08 12:15:05.181914+11:00
1,copy_B_Excel_Special_code,2024-06-08 12:15:13.929914+11:00
1,paste_Special_code_Web,2024-06-08 12:15:17.911914+11:00
1,paste_Country_Web,2024-06-08 12:15:19.757914+11:00
1,goToUrl_www_webpage_com_Web,2024-06-08 12:15:21.739914+11:00
1,clickButton_Button9_Web,2024-06-08 12:15:32.629914+11:00
1,clickButton_OK_Web,2024-06-08 12:15:35.972914+11:00
1,clickButton_OK_Web,2024-06-08 12:15:36.972914+11:00
1,openFile_Excel_Sheet1_data_xls,2024-06-08 12:15:37.972914+11:00
1,goToUrl_www_webpage_com_Web,2024-06-08 12:15:57.438914+11:00
1,insertValue_username_Web,2024-06-08 12:16:02.212914+11:00
1,insertValue_password_Web,2024-06-08 12:16:15.806914+11:00
1,insertValue_name_Web,2024-06-08 12:16:16.806914+11:00
1,insertValue_surname_Web,2024-06-08 12:16:19.487914+11:00
1,insertValue_age_Web,2024-06-08 12:16:19.952914+11:00
1,insertValue_type_Web,2024-06-08 12:16:22.109914+11:00
1,clickButton_confirm_Web,2024-06-08 12:16:25.110914+11:00
1,clickButton_B5_Web,2024-06-08 12:16:28.969914+11:00
1,insertBoolValue_Australian_Web,2024-06-08 12:16:31.198914+11:00
1,clickButton_Button6_Web,2024-06-08 12:16:38.355914+11:00
1,openFile_Excel_Sheet1_data_xls,2024-06-08 12:16:41.984914+11:00
1,copy_B_Excel_Special_code,2024-06-08 12:16:56.694914+11:00
1,paste_Special_code_Web,2024-06-08 12:16:59.166914+11:00
1,paste_Country_Web,2024-06-08 12:17:01.292914+11:00
1,goToUrl_www_webpage_com_Web,2024-06-08 12:17:04.086914+11:00
1,clickButton_Button9_Web,2024-06-08 12:17:06.329914+11:00
1,clickButton_OK_Web,2024-06-08 12:17:09.995914+11:00
1,clickButton_confirm_Web,2024-06-08 12:17:10.995914+11:00
1,waitResponse_www_webpage_com_ok_Web,2024-06-08 12:17:13.179914+11:00
1,clickButton_Button1_Web,2024-06-08 12:17:19.671914+11:00
1,clickButton_B2_Web,2024-06-08 12:17:21.413914+11:00
1,insertValue_ID_Web,2024-06-08 12:17:24.827914+11:00
1,copy_B_Excel_Special_code,2024-06-08 12:17:27.749914+11:00
1,paste_Special_code_Web,2024-06-08 12:17:30.880914+11:00
1,copy_B_Excel_Area,2024-06-08 12:17:35.054914+11:00
1,paste_Area_Web,2024-06-08 12:17:36.519914+11:00
1,clickButton_OK_Web,2024-06-08 12:17:36.554914+11:00
1,openFile_Excel_Sheet1_data_xls,2024-06-08 12:17:37.554914+11:00
1,insertValue_name_Web,2024-06-08 12:17:38.554914+11:00
1,insertValue_surname_Web,2024-06-08 12:17:49.576914+11:00
1,insertValue_age_Web,2024-06-08 12:18:06.232914+11:00
1,insertValue_type_Web,2024-06-08 12:18:17.573914+11:00
1,clickButton_confirm_Web,2024-06-08 12:18:25.400914+11:00
1,clickButton_B5_Web,2024-06-08 12:18:28.931914+11:00
1,insertBoolValue_Australian_Web,2024-06-08 12:18:31.738914+11:00
1,clickButton_Button6_Web,2024-06-08 12:18:34.428914+11:00
1,openFile_Excel_Sheet1_data_xls,2024-06-08 12:18:37.769914+11:00
1,copy_B_Excel_Special_code,2024-06-08 12:18:50.377914+11:00
1,paste_Special_code_Web,2024-06-08 12:18:50.591914+11:00
1,paste_Country_Web,2024-06-08 12:18:53.676914+11:00
1,goToUrl_www_webpage_com_Web,2024-06-08 12:18:57.393914+11:00
1,clickButton_Button9_Web,2024-06-08 12:19:06.265914+11:00
1,clickButton_OK_Web,2024-06-08 12:19:09.516914+11:00
1,goToUrl_www_webpage_com_Web,2024-06-08 12:19:10.516914+11:00
1,insertValue_username_Web,2024-06-08 12:19:16.667914+11:00
1,insertValue_password_Web,2024-06-08 12:19:29.720914+11:00
1,clickButton_confirm_Web,2024-06-08 12:19:32.871914+11:00
1,waitResponse_www_webpage_com_ok_Web,2024-06-08 12:19:35.193914+11:00
1,clickButton_Button1_Web,2024-06-08 12:19:41.424914+11:00
1,clickButton_B2_Web,2024-06-08 12:19:45.039914+11:00
1,insertValue_ID_Web,2024-06-08 12:19:47.897914+11:00
1,copy_B_Excel_Special_code,2024-06-08 12:19:50.821914+11:00
1,paste_Special_code_Web,2024-06-08 12:19:56.008914+11:00
1,copy_B_Excel_Area,2024-06-08 12:19:58.635914+11:00
1,paste_Area_Web,2024-06-08 12:20:02.526914+11:00
1,clickButton_OK_Web,2024-06-08 12:20:05.213914+11:00
1,insertValue_name_Web,2024-06-08 12:20:06.213914+11:00
1,insertValue_surname_Web,2024-06-08 12:20:21.318914+11:00
1,insertValue_age_Web,2024-06-08 12:20:26.848914+11:00
1,insertValue_type_Web,2024-06-08 12:20:28.076914+11:00
1,clickButton_confirm_Web,2024-06-08 12:20:32.683914+11:00
1,clickButton_B5_Web,2024-06-08 12:20:35.468914+11:00
1,insertBoolValue_Australian_Web,2024-06-08 12:20:40.880914+11:00
1,clickButton_Button6_Web,2024-06-08 12:20:40.881914+11:00
1,openFile_Excel_Sheet1_data_xls,2024-06-08 12:20:41.725914+11:00
1,copy_B_Excel_Special_code,2024-06-08 12:20:46.097914+11:00
1,openFile_Excel_Sheet1_data_xls,2024-06-08 12:20:47.097914+11:00
1,goToUrl_www_webpage_com_Web,2024-06-08 12:21:00.747914+11:00
1,insertValue_username_Web,2024-06-08 12:21:08.718914+11:00
1,insertValue_password_Web,2024-06-08 12:21:18.207914+11:00
1,clickButton_confirm_Web,2024-06-08 12:21:35.527914+11:00
1,waitResponse_www_webpage_com_ok_Web,2024-06-08 12:21:39.939914+11:00
1,clickButton_Button1_Web,2024-06-08 12:21:51.245914+11:00
1,clickButton_B2_Web,2024-06-08 12:21:55.262914+11:00
1,insertValue_ID_Web,2024-06-08 12:21:57.721914+11:00
1,copy_B_Excel_Special_code,2024-06-08 12:22:00.584914+11:00
1,paste_Special_code_Web,2024-06-08 12:22:03.136914+11:00
1,copy_B_Excel_Area,2024-06-08 12:22:06.697914+11:00
1,paste_Area_Web,2024-06-08 12:22:11.047914+11:00
1,clickButton_OK_Web,2024-06-08 12:22:12.924914+11:00
1,paste_Special_code_Web,2024-06-08 12:22:13.924914+11:00
1,paste_Country_Web,2024-06-08 12:22:16.192914+11:00
1,goToUrl_www_webpage_com_Web,2024-06-08 12:22:18.834914+11:00
1,clickButton_Button9_Web,2024-06-08 12:22:23.990914+11:00
1,clickButton_OK_Web,2024-06-08 12:22:25.177914+11:00
1,insertValue_name_Web,2024-06-08 12:22:26.177914+11:00
1,insertValue_surname_Web,2024-06-08 12:22:27.537914+11:00
1,insertValue_age_Web,2024-06-08 12:22:36.669914+11:00
1,insertValue_type_Web,2024-06-08 12:22:48.925914+11:00
1,clickButton_confirm_Web,2024-06-08 12:22:58.950914+11:00
1,openFile_Excel_Sheet1_data_xls,2024-06-08 12:22:59.950914+11:00
1,goToUrl_www_webpage_com_Web,2024-06-08 12:23:06.355914+11:00
1,insertValue_username_Web,2024-06-08 12:23:18.926914+11:00
1,insertValue_password_Web,2024-06-08 12:23:22.370914+11:00
1,clickButton_confirm_Web,2024-06-08 12:23:38.728914+11:00
1,waitResponse_www_webpage_com_ok_Web,2024-06-08 12:23:41.167914+11:00
1,clickButton_Button1_Web,2024-06-08 12:23:47.684914+11:00
1,clickButton_B2_Web,2024-06-08 12:23:50.021914+11:00
1,insertValue_ID_Web,2024-06-08 12:23:53.217914+11:00
1,copy_B_Excel_Special_code,2024-06-08 12:23:56.482914+11:00
1,paste_Special_code_Web,2024-06-08 12:23:59.828914+11:00
1,copy_B_Excel_Area,2024-06-08 12:24:03.047914+11:00
1,paste_Area_Web,2024-06-08 12:24:04.546914+11:00
1,clickButton_OK_Web,2024-06-08 12:24:09.063914+11:00
1,clickButton_B5_Web,2024-06-08 12:24:10.063914+11:00
1,insertBoolValue_Australian_Web,2024-06-08 12:24:13.934914+11:00
1,clickButton_Button6_Web,2024-06-08 12:24:26.312914+11:00
1,openFile_Excel_Sheet1_data_xls,2024-06-08 12:24:29.244914+11:00
1,copy_B_Excel_Special_code,2024-06-08 12:24:33.669914+11:00
1,paste_Special_code_Web,2024-06-08 12:24:37.349914+11:00
1,paste_Country_Web,2024-06-08 12:24:38.426914+11:00
1,goToUrl_www_webpage_com_Web,2024-06-08 12:24:42.326914+11:00
1,clickButton_Button9_Web,2024-06-08 12:24:49.871914+11:00
1,clickButton_OK_Web,2024-06-08 12:24:52.823914+11:00
1,insertValue_name_Web,2024-06-08 12:24:53.823914+11:00
1,insertValue_surname_Web,2024-06-08 12:25:07.093914+11:00
1,openFile_Excel_Sheet1_data_xls,2024-06-08 12:25:08.093914+11:00
1,goToUrl_www_webpage_com_Web,2024-06-08 12:25:26.995914+11:00
1,insertValue_username_Web,2024-06-08 12:25:30.748914+11:00
1,insertValue_password_Web,2024-06-08 12:25:31.618914+11:00
1,clickButton_confirm_Web,2024-06-08 12:25:31.619914+11:00
1,waitResponse_www_webpage_com_ok_Web,2024-06-08 12:25:34.593914+11:00
1,clickButton_Button1_Web,2024-06-08 12:25:50.007914+11:00
1,clickButton_B2_Web,2024-06-08 12:25:53.043914+11:00
1,insertValue_ID_Web,2024-06-08 12:25:55.452914+11:00
1,copy_B_Excel_Special_code,2024-06-08 12:25:58.548914+11:00
1,paste_Special_code_Web,2024-06-08 12:26:00.715914+11:00
1,copy_B_Excel_Area,2024-06-08 12:26:05.811914+11:00
1,paste_Area_Web,2024-06-08 12:26:09.057914+11:00
1,clickButton_OK_Web,2024-06-08 12:26:14.078914+11:00
1,insertValue_age_Web,2024-06-08 12:26:15.078914+11:00
1,insertValue_type_Web,2024-06-08 12:26:17.580914+11:00
1,clickButton_confirm_Web,2024-06-08 12:26:32.223914+11:00
1,clickButton_B5_Web,2024-06-08 12:26:36.527914+11:00
1,insertBoolValue_Australian_Web,2024-06-08 12:26:38.940914+11:00
1,clickButton_Button6_Web,2024-06-08 12:26:49.846914+11:00
1,openFile_Excel_Sheet1_data_xls,2024-06-08 12:26:53.348914+11:00
1,copy_B_Excel_Special_code,2024-06-08 12:27:00.562914+11:00
1,paste_Special_code_Web,2024-06-08 12:27:02.768914+11:00
1,paste_Country_Web,2024-06-08 12:27:06.659914+11:00
1,goToUrl_www_webpage_com_Web,2024-06-08 12:27:09.574914+11:00
1,clickButton_Button9_Web,2024-06-08 12:27:18.457914+11:00
1,clickButton_OK_Web,2024-06-08 12:27:21.285914+11:00
